1000
8480
1464
2976
9484
319
4189
7577
6558
5748
7160
9299
8967
7533
3237
3567
5910
6804
8199
1309
1693
7199
6555
7938
5844
8124
6437
4482
6373
1463
3074
8488
6295
4538
7817
2131
1210
2006
9708
7768
4107
3221
3419
9426
754
3008
9346
3016
9813
7545
4326
7858
4745
7233
5797
589
5357
8586
5071
8082
50
4497
2923
2697
5387
740
4829
6597
9098
889
717
9557
4110
4136
8984
4865
7145
8330
4233
3310
5875
4911
1168
6972
2145
3317
3913
7502
1904
5336
1937
8306
9833
4860
1003
5221
5600
2184
1818
1050
3074
8888
6960
7184
3024
5944
8401
6521
4274
8987
9831
6501
3898
7352
3474
6043
7021
3739
9898
5277
9076
1835
9935
8909
6695
939
482
8647
9475
8653
6049
2549
7541
3009
6086
565
8953
839
7087
9579
9826
3270
2433
3725
6974
2259
9768
3996
5998
6018
5625
5074
7853
5561
336
4548
2852
818
9547
2327
9471
5597
1229
3364
8606
7315
3930
3912
4506
7369
9843
4333
6991
2276
4410
318
4535
530
666
6886
6549
6291
1960
4402
1852
8648
5303
4704
9467
1202
3384
5290
6799
4613
8655
1758
8280
8937
2022
2786
6306
1865
7119
9649
494
7881
9967
1381
8412
6985
4619
1313
3277
6580
5715
5129
5228
7370
6186
1047
8573
9570
6338
1724
535
4993
9834
8815
3930
1856
1601
6588
74
5073
2589
6920
2954
8909
4653
7718
5894
9273
9031
9171
2205
1099
653
7433
8469
3191
4833
3394
2761
1171
5119
3296
2516
4953
2111
2798
3162
64
5738
9588
5137
8327
2860
4444
7236
7513
2162
9483
6786
1194
8654
8991
2293
5659
2777
7114
8850
7610
509
7963
5133
1980
7611
4001
3285
6074
6799
2799
6139
2537
2387
1276
864
1599
2072
4453
9113
4235
3936
2251
1781
8942
7595
426
4602
372
7540
9804
4334
4401
7768
5819
6381
5379
9820
6019
7806
6619
8818
3945
5508
7558
1573
2724
9157
3646
7177
4622
4233
7465
6874
6014
2760
821
6440
3714
7545
3980
3518
1879
4734
7638
4050
7467
9370
3870
3486
7176
6841
8657
1121
8701
2567
9046
1425
8076
9044
4955
2699
3277
2420
5925
9291
1532
6746
5731
5246
4291
6064
8765
2522
798
2755
2924
4617
2125
3146
4456
9301
9987
3113
6774
5040
2032
2173
6465
108
1217
1420
9159
4495
193
1436
3786
8077
4534
5870
3324
5177
1934
8441
4051
9084
1196
6975
3701
9674
121
8157
8975
6460
7622
2102
1500
9654
4275
4318
6115
5492
2090
5274
9987
8635
6711
3774
6713
7597
5996
37
2775
7930
4830
6826
3366
2378
3802
7067
2052
3923
1577
7380
6736
5551
9482
8236
1558
3757
2554
7673
5601
4645
2947
5589
3280
6010
5715
6345
3608
1711
2734
2735
5993
7564
9561
9359
9943
9715
2778
8347
3639
707
5727
6727
6259
5209
4963
7817
5318
3870
1842
920
4867
4789
2861
4499
7152
8576
845
7112
6639
3579
9847
8984
1144
9408
8343
7439
9124
1121
5786
9115
8181
1514
5842
4440
3075
7157
8609
8394
7379
451
5666
2246
1592
8527
3098
5096
3455
3943
2208
6446
3874
8407
5430
1370
7816
3773
8809
3292
1246
948
8759
9427
8814
953
219
1889
4462
8828
6635
1842
5631
2301
440
3576
828
9890
8672
4283
3833
881
729
7708
5640
6159
5430
9808
6284
4240
3100
3883
1540
8211
9662
354
5516
9882
8595
9979
5062
5231
8173
694
7532
4965
4270
8361
4856
9294
8996
5041
6527
6078
9101
2168
8589
4532
1976
1226
5124
1429
5109
6664
5992
4771
3370
1509
4653
1965
1488
6068
7196
6013
3114
4729
7330
3736
9442
8538
3030
4790
3580
9558
7220
9033
1726
5810
3565
54
7036
8689
1483
2145
1705
7476
3268
5075
5337
7922
7041
3177
342
589
9190
3456
1670
2872
7192
1112
1411
222
2255
4991
6132
9475
4024
4210
5285
3942
4265
8673
8983
2100
7170
689
5928
439
2116
1265
4713
5509
4442
5055
6099
9984
8511
7769
2857
2055
5234
4268
8629
3841
5611
4762
3316
5987
8972
4954
6281
9589
9979
5265
8042
7150
2306
3970
7589
774
1588
2302
6284
2382
3709
8735
8719
8572
6504
1576
627
8090
2196
9256
1931
4159
4018
1600
6498
9343
2906
2780
8932
2885
4397
3326
35
3055
3649
3976
3829
5237
6278
6465
3971
6339
5200
2690
4911
8057
4266
5538
2499
2814
4795
783
3325
5165
2383
9824
4508
5289
8956
9793
4526
3353
9471
4562
2760
3120
8538
6589
8357
1169
9407
8681
3860
959
1371
8772
5368
5638
4310
7868
4804
5457
8651
8130
6975
1034
4306
7835
2675
3262
3980
7201
6615
3452
8115
9375
6572
3006
2316
1282
527
8075
9963
4387
9035
1334
3159
4403
3324
3822
8623
4481
5631
7274
8963
2606
4660
3269
6794
3687
6531
774
889
3146
4226
5356
8873
7151
8362
7541
4785
5241
5617
4748
9629
1004
2434
9140
5407
2111
2962
4031
2944
4946
7657
1907
3904
2318
5176
698
6005
1707
1473
3246
1205
2051
4955
6430
5554
3317
3971
339
8559
5940
1439
4540
6944
226
3680
8704
8689
2995
9087
1633
4293
6744
3540
8197
5414
5068
8896
1420
6775
6721
1018
4332
5124
5973
762
679
5643
4733
7370
554
7026
8810
5094
3970
9036
5126
2674
4077
4473
1761
5710
8766
4858
5602
6964
272
670
2212
8044
3797
5285
9063
8129
409
1388
8891
7440
3383
9976
4811
3937
7002
9973
5383
973
5361
6862
9999
9438
1335
8113
5148
102
2971
750
3418
9595
7772
5630
7640
1569
7267
3055
9698
7676
795
8589
1469
4179
4917
2632
4468
1920
2605
9852
9245
7966
3066
5596
7404
4401
61
8904
855
9384
9654
4273
8980
3778
6255
2972
5347
3522
6027
5045
7551
6822
9986
9020
7353
4903
1652
1822
3175
609
8026
8772
8575
1092
4369
2331
1845
4430
1235
2701
3815
7241
3326
9147
1019
9582
2119
6366
9456
8146
7763
7007
1320
7749
2379
