19000
9150
5937
3413
2081
2073
5412
9092
7188
5386
5401
7336
8864
8950
2841
2072
1854
4692
6121
8303
5175
1421
3940
5475
4149
9775
7015
7896
62
2394
2603
9605
1544
4893
9370
9977
3318
4782
9070
506
169
823
7842
9033
6125
7036
7457
7980
8080
3579
2635
3256
5000
2927
5083
5501
2702
2098
3397
2764
4493
2353
8721
2389
3598
8092
8719
6916
9226
7789
3774
9395
8612
7969
8429
4738
5005
5886
9070
9437
5817
8057
2693
817
984
4129
2670
3686
6227
6068
2802
7072
4773
7875
5814
4723
2319
4533
7991
1546
8674
1765
941
3638
9734
9370
4728
1091
1609
3798
6881
7426
8207
9574
4596
9191
3703
7266
9229
6283
9686
8383
3355
811
6259
5521
5534
4930
54
9877
6476
5080
1643
7418
8719
7729
3140
3447
5173
1101
3598
2054
8528
1805
7980
9476
7349
1684
6742
2930
4319
6429
1314
4026
3592
3925
9548
9127
8855
5954
9004
5332
1035
6999
9102
6106
4729
8594
9553
6254
6048
3151
8308
4576
1309
6288
404
8658
4324
7146
1588
8643
9927
9254
9022
3520
3179
8570
8999
8387
876
4355
3719
8263
1355
9173
4369
2436
4119
3923
5042
167
3426
3350
1095
1087
5990
1499
9745
315
4998
7686
5310
4925
3292
684
4797
6472
5606
148
4859
6483
4504
4930
4746
2211
455
5468
999
926
5743
6041
7446
9169
5743
8541
257
1733
6393
6354
8400
1391
392
63
2668
3685
747
7466
6509
6354
3966
7720
9189
8470
9002
287
681
9457
2107
8032
6735
7850
4073
4181
3372
6168
2723
9981
7902
9116
6335
2654
6859
3080
2717
9527
6765
9817
3345
3274
2523
7312
994
1712
2134
6348
8351
9168
5805
459
7200
8892
8309
7626
3074
8033
3794
2149
8014
1696
7617
4350
703
4476
3782
3420
355
547
3237
53
173
2112
7365
7519
3824
5851
3867
8528
5019
6024
5339
8572
4916
0
6198
4342
8034
6344
6491
6048
4393
4108
6750
5096
4936
532
8516
5292
7431
8106
1697
7604
218
5414
5123
395
1265
5342
5275
6285
1366
614
1209
2635
614
7407
6977
8648
3751
3469
1049
8144
3929
4151
3240
8866
4684
8109
510
2115
2567
2207
6072
2785
7621
7547
9532
5238
2890
4807
7875
608
5421
9084
9595
2388
6491
6573
1036
6595
6394
8437
1091
6675
2589
684
1893
3625
8793
2403
5740
1360
962
8164
497
4935
5712
30
174
4954
4837
8049
1914
259
7134
1510
8999
9977
4435
6387
2924
7181
4825
4016
3856
7414
4700
5750
7391
9845
4505
3131
7557
5468
7648
8054
6755
3360
8084
6929
4666
9274
1331
6580
5885
4817
8090
4884
1146
8877
1271
4071
6058
6096
4439
9915
9862
5491
2017
7253
5336
6522
6737
2893
8342
4385
947
5098
4097
5384
8379
8763
1010
6062
1695
6895
879
9786
1779
8378
5015
9402
2449
1074
5499
3240
989
1713
8731
3006
5319
4067
5880
8408
6960
4223
9145
4259
9321
9594
5995
4052
8357
7005
115
6404
252
7346
2542
2031
5724
7558
1434
8173
8632
3285
1413
5973
1350
144
8979
3021
563
4859
1429
3875
5434
574
4487
4755
6520
482
5160
1229
3840
5275
7634
4092
2621
176
2476
8346
7734
262
2871
6366
3547
637
2339
1249
7133
7670
4271
7697
8882
5700
7924
4316
2627
2411
5424
9147
9246
584
377
3086
2211
8011
3530
4832
8187
6006
9530
2274
6268
8754
8640
6167
5743
7332
7417
2876
1354
1688
6925
236
7388
4850
4553
6367
3613
6329
5515
2859
6913
2244
2297
5476
6607
5828
308
1146
8186
6191
3420
807
4945
8413
6974
688
2097
4391
9916
3451
2431
3194
3688
6172
8044
4593
2539
8009
922
4406
869
4187
6650
9518
9663
9609
1698
6323
756
6237
8866
4176
7044
163
2589
4018
7203
1038
4762
7120
4490
3545
314
8178
9717
4710
9123
8609
2719
6397
3015
9940
584
6018
5811
6599
5627
7509
9274
6383
98
8141
6912
7142
8304
5853
7513
5508
6892
8627
8980
1382
2172
5646
5912
1890
356
5035
499
9427
1432
9866
5720
8368
5884
1531
1319
7864
5392
593
4247
5491
8734
1159
8985
3391
7013
6498
8899
257
5125
4231
1639
3650
9877
7551
1892
6585
8938
8743
6012
6722
8609
8084
5090
846
5967
6409
8710
7712
3354
9309
9555
2089
6821
8540
5480
186
1391
731
443
2868
4962
2082
6518
1191
5985
8410
7776
1275
7153
140
7997
2115
8225
9439
2961
4192
2200
1671
1904
5554
7332
1459
7643
4153
6352
9475
4339
7743
6558
1134
611
7872
3216
3482
9063
5553
8244
6839
6828
5398
6980
1177
7513
1557
616
6826
5749
9168
4849
4006
4723
2181
1817
8718
6335
4521
4546
7026
2264
1104
8161
9228
8977
7729
9062
4392
9635
7306
7584
2815
9056
916
345
6569
2473
961
3395
4574
6482
8244
4932
1205
6778
6750
9923
9465
1271
821
6491
9888
1926
1004
5468
7255
5086
4530
7999
1073
1836
5583
3888
893
2851
4233
3814
5324
1547
3562
6251
8029
8158
1183
5586
4936
7933
1861
4401
5557
2683
7245
5445
4609
4601
7265
8216
9687
1795
6215
760
9983
8151
1001
7228
1002
5234
7395
2679
3133
957
8930
7514
5467
113
3100
6756
4399
4962
7509
6308
7645
4754
8105
8606
9356
5370
6822
5395
3517
9389
2508
3500
7540
3509
7081
8543
5095
4476
1222
4581
1785
6504
2095
3604
6617
5196
360
7368
6510
7870
3676
507
2624
1781
9113
8332
7151
2287
80
668
1676
8940
521
9217
8801
7602
4112
3896
8430
1686
4829
6567
8190
6925
171
4807
8473
532
8528
4983
8402
2204
5490
7378
3986
955
2063
7489
3242
8495
4510
1270
7435
5031
487
6236
8985
4599
6484
3767
2637
1314
334
827
4591
505
5635
3064
7389
515
4399
2143
2719
6241
5874
3057
7196
4289
547
6790
2784
5057
8060
6571
6440
4900
9159
5425
5851
5643
9192
8489
3309
9526
9316
7900
6383
1303
964
125
1818
1715
2268
4538
7956
4494
3947
1504
8783
4494
8294
7919
5903
2707
4490
2343
7607
1
7768
3458
5645
3312
1947
5306
9190
7616
3207
1926
8919
523
2051
738
2239
4319
1628
6547
8814
5575
8052
3949
6422
2698
1869
8677
5405
2711
1021
9364
2713
5141
2823
4710
4806
1122
16
3996
8738
9575
5922
4010
6451
7973
1100
8690
8645
9080
1589
3811
1007
9641
7760
7429
2340
5981
6107
4097
8693
3480
3462
7758
4973
2637
2468
9779
111
8836
3776
8850
8412
6050
9212
4863
4024
312
9905
9021
9392
1494
9184
6751
7488
3296
533
6180
9278
6640
277
4323
6472
91
2081
1445
2728
901
7577
2840
9737
1353
8042
4501
3755
3606
5716
4131
3918
5621
3152
9662
3468
2336
2765
956
1985
3298
3488
1263
6290
3765
5586
2762
209
4019
560
2937
4920
8137
2129
1009
5842
6523
5511
5949
129
1227
81
399
3201
9585
6413
6669
8274
9179
3977
259
2477
7465
1522
8768
7582
3460
7882
7791
3831
8442
7081
8751
2931
5562
6112
5125
2086
1623
1075
2215
9203
1156
8967
8756
741
5380
1777
9015
4559
5754
5626
3389
9571
7148
2157
7153
6960
39
1297
791
4834
4730
5894
4117
292
2007
9243
2378
9982
318
946
5537
7826
6265
4293
8567
1645
6070
3935
2557
8176
9561
5946
7747
3062
4455
1253
6374
846
8902
7166
5680
3632
9412
9798
276
1419
5393
9007
7754
5711
6305
9643
3537
2570
3937
8456
4215
6359
8743
3124
888
4657
9070
4987
4071
3525
2592
445
724
1494
3963
6404
1478
3376
2554
1755
1147
4299
7114
8901
10
3419
4897
9899
5989
8834
4708
6556
1545
9803
9681
2433
4460
8751
3773
4883
8629
6365
5329
5705
7860
9292
8461
5690
2668
1016
3797
3816
1667
911
9069
1678
4330
3966
7929
319
9152
8989
3228
7050
8793
2909
5835
9605
8012
9608
4489
2993
5974
6170
8698
186
5462
7160
5876
4483
4528
9674
4651
6195
585
3720
4225
4916
4039
8507
1587
3191
7496
4815
6593
2641
4076
2429
8599
2089
2037
3088
5082
8011
9258
133
8197
1072
7293
4074
5555
8173
100
206
720
685
279
4946
1953
4318
9805
9893
3861
3653
1060
455
6295
5137
9236
4894
3578
1273
4334
5012
5637
9944
5145
3834
1016
8790
4260
2924
6963
4360
9482
4036
1398
9761
8982
9703
431
5139
9596
4293
8792
657
1100
1439
2146
336
2685
5724
7961
7019
736
3598
3315
5882
3785
684
1024
8045
3608
4340
8758
3090
8376
6508
9204
3710
6211
9635
8849
2160
280
7641
2817
1380
5433
1315
8068
8118
7039
2382
1490
4127
5980
4805
6361
9765
5489
7386
4163
5449
1726
9273
8540
6454
5781
7744
164
1992
7379
5365
4152
4012
9358
3321
1744
4791
988
9813
2910
8027
8547
4400
2155
4527
9205
4868
645
1047
2254
1160
6496
332
433
1388
6786
6214
5484
6950
4558
9216
2315
8711
3228
1674
8384
4972
6465
9373
1137
5727
3752
9684
127
2259
4212
5685
7128
1209
6732
9382
2369
9580
9715
2802
969
6501
5368
6453
9804
9926
2021
8471
4989
5249
145
3374
222
2963
9099
1359
5042
2851
1044
5170
1463
1608
7207
8591
9169
291
4325
1538
9871
392
692
7192
3246
6060
9998
3050
5986
2019
1521
7328
7269
8019
702
3843
7334
6153
1554
2376
5356
2598
3898
6819
558
1105
5410
9727
1396
9736
7617
7620
128
4661
4812
3374
721
1162
2776
3060
3182
650
6740
6803
5021
7442
6998
8707
9947
8552
7435
5303
7503
1334
2123
8061
8791
3885
4141
6540
3621
8110
4160
102
2772
5324
9828
9845
6487
8957
9257
6021
5959
5997
2824
980
9791
6174
6039
9738
4726
3474
1394
2229
1160
3517
6643
9952
7402
7136
6492
7376
5246
7004
3830
4370
2328
10
4216
5167
5319
9825
1188
1278
2175
364
2258
1966
6538
8297
8057
1265
8124
5803
9846
9284
9320
6489
9236
3074
3625
2080
6802
5224
9084
6984
9594
7765
6995
162
2932
2314
6340
4121
3593
8515
4485
2203
6833
7376
6853
1242
8641
4977
7045
8487
613
2717
1329
9850
2144
1306
8282
8946
2882
7367
5931
2477
5132
9278
8991
4416
7944
1683
8537
7889
198
9375
93
3384
6751
3298
978
1744
4627
8024
6583
5240
7093
7912
5090
9237
5571
9725
8184
8453
7092
467
7282
8576
6097
2626
2992
4041
4309
7882
1931
860
3609
8376
596
360
1674
1574
2104
6301
9598
5039
1541
6692
2952
2984
5929
4875
2709
465
3328
6153
7284
611
1081
3381
9589
425
3775
3898
8307
5706
1110
8268
4082
1706
8628
2108
3281
7084
4761
9231
2124
2654
5923
1428
1990
8205
6303
1051
5022
5983
7204
2307
2946
4637
2040
2535
5063
5815
6434
9722
7873
3896
7991
8307
5603
2971
415
8884
56
1528
8115
8532
4183
391
9960
2525
4948
6263
3577
9970
8598
7133
8629
1545
1771
7022
4080
3186
2837
6866
9260
711
763
3603
5370
6366
6575
5786
1602
2983
3666
9717
1515
7849
6460
7827
6727
1408
442
304
7731
9040
7437
2712
585
5560
9734
1018
5098
8924
7884
711
5987
4999
4314
1357
1365
7241
7143
2967
6576
7162
9037
4443
5011
1849
2270
8090
3258
2712
8394
989
8105
2184
3701
5042
4096
9788
6060
9195
8712
297
9906
4699
5296
572
6056
6662
7814
9552
5981
4390
6714
1370
8834
8077
3220
7456
6168
2830
6521
914
171
4626
3098
224
9668
7195
12
2081
2742
8724
2378
9000
9775
7674
9572
2184
688
7386
1736
3022
8129
4802
744
3315
9231
3964
771
1751
3146
7292
2666
3317
8270
2116
3542
4291
9311
3554
6372
8405
8631
8750
7405
4758
2776
6978
6942
3465
716
8678
2839
8845
9832
3583
8512
5416
3900
9284
7167
7046
6576
9833
6716
4847
1950
258
9138
7613
164
1862
6019
5147
6964
9776
9906
9740
6754
6848
9557
3823
1879
2396
9020
8063
2332
7533
3479
6232
6817
647
9630
9745
6832
6346
944
8782
2956
6434
2748
3121
8296
5119
8268
5260
4895
4526
1353
8002
1375
910
1825
9606
3307
7197
7669
5639
4730
1149
8223
7899
1796
7853
7645
8628
4200
4941
3763
7156
1376
6511
6629
6024
1630
1250
7637
2877
5776
8990
879
3503
9900
9056
3109
9559
6254
779
1550
984
8280
9773
5236
6428
3979
9233
5056
4531
4174
5171
1687
1902
8034
4669
7927
9664
2271
5564
2542
8047
4554
9773
7903
806
8830
7364
366
5084
4495
1916
2420
2775
8042
7656
9203
2021
6889
612
6552
7416
5783
4591
9318
3818
9260
7245
9834
1531
9161
8728
5931
3715
8502
186
4522
7332
7550
1240
8768
2046
3156
1188
4821
7550
5197
377
9571
2086
989
2475
9502
6772
7067
5173
6942
2679
2418
6777
563
1580
1857
2846
1647
359
3032
2521
4043
6934
3761
2811
8980
3270
352
154
820
5549
531
6744
3987
7872
9219
9842
996
2638
5015
7939
5318
3785
1068
2233
1717
9277
1431
3365
9637
4463
5886
32
7749
6000
2844
3082
9270
9548
3236
90
1449
119
6834
5436
7991
2406
1630
8987
5044
2997
3278
6714
6783
698
8947
4852
9976
378
8217
5965
1193
456
5997
5295
6456
5193
8377
5726
4741
1613
2168
6190
8084
5355
7979
2427
4113
5961
7766
9157
8959
1045
5872
2094
8095
1171
6946
4423
7902
1516
388
5447
8324
6386
742
4780
7931
9119
6858
2673
7084
5378
5215
1520
7085
9546
3947
1198
5508
1714
356
819
9111
2580
9265
7206
103
2563
1630
4357
431
2018
6157
8755
4756
6899
9887
2688
2371
6745
1713
5807
8476
3280
7328
5561
2827
1275
6760
4687
2989
3468
1858
2100
6048
7475
5659
2503
38
7289
6861
6822
5659
3018
5577
6768
6269
5465
5808
4992
8562
7521
800
7038
7153
8128
8952
9980
5755
5712
1019
5097
9180
2877
7197
1580
352
2856
4083
6743
6497
7296
3565
8509
6666
5494
5277
9288
7311
7437
4280
5874
1310
5080
9264
8463
9560
8216
4796
1668
280
5815
6765
5812
5045
3962
7392
1749
3171
7828
8492
6020
1476
8409
4529
8143
3904
6158
7431
1215
9947
8063
3441
1257
3144
9058
9721
9056
7274
869
724
3907
6684
7489
9719
8081
7804
7112
9831
7327
1292
8323
3347
2768
3085
4229
7263
3341
6739
1046
908
6687
9110
4350
4296
8606
9760
369
7662
7034
1238
4739
941
4275
8580
7013
2356
6384
4125
2187
63
1769
6863
9763
889
9948
344
8153
9641
7083
5551
549
122
4661
1251
4419
9619
1011
4788
7282
4398
2379
8373
1691
6654
6953
8704
9010
9690
9181
7550
9753
7302
4413
5868
8192
713
6212
2697
354
3296
8248
7255
9770
9262
4859
4189
8881
5870
5330
2515
6620
7709
888
8312
4363
4194
3368
9725
3884
8902
7275
9989
6204
8040
5858
748
8753
8422
3445
5459
1718
8046
9067
7841
7308
3926
8382
2541
9796
3712
1409
2769
1421
8649
7433
2136
2843
801
1862
3079
6055
5489
3069
8612
3530
5279
9360
8635
3701
2806
447
1772
852
9514
9613
4512
3440
7995
3405
9588
8060
4814
2357
5833
3464
6142
7970
6307
3296
6184
9387
9351
8025
8808
7963
7907
439
7324
6543
4140
6482
3342
2264
3686
2856
8229
8198
2648
2577
7955
2236
637
2770
946
6470
6234
7088
4440
8893
384
6976
4632
6088
5002
9792
4051
2909
231
7727
5804
724
4209
9146
9340
7895
8354
7570
2445
7354
147
401
5943
784
9523
6889
3606
2109
329
4399
1002
7066
1375
1987
3154
2729
1779
3557
1991
8363
1285
4147
5439
1846
9646
4779
6094
8000
8701
4891
1707
8848
1644
7650
5984
1167
891
9591
9628
1220
342
6983
4638
1717
8970
7792
799
7101
7702
2790
1816
5339
3289
7255
3537
2935
8387
9631
7288
7088
875
8995
5937
2519
6645
8273
39
7536
4216
9667
5108
4558
6650
9747
2628
1972
3891
3427
9074
1593
2569
7242
3284
5858
4498
6822
5146
9237
2805
2434
6325
3680
1429
8614
6200
4426
6888
2591
1962
1104
8610
7070
2015
5261
6817
4643
3585
7061
4422
2659
8654
3343
9902
1939
9201
752
5113
699
9989
7918
3133
6314
1599
914
1281
4151
5340
8169
6742
7302
5625
1704
725
7640
6965
3894
8635
551
955
3057
9562
9610
6400
5816
7901
1954
2920
3014
2653
9261
7284
2139
1928
8883
3053
3209
3034
8394
7730
6128
2048
3355
7833
2773
7348
1150
6668
2335
8053
7623
5393
3968
3585
8145
9784
7838
6451
9057
7204
5457
8318
4489
7596
246
9724
649
3455
2759
9043
1185
5239
7444
893
9424
217
8241
6927
3237
576
1332
7213
2321
5300
7150
6819
1437
4989
3270
494
8545
8727
8812
3034
6323
5411
2759
3325
8866
1870
8720
6404
3461
6164
7297
9238
6382
1890
6165
5971
8818
3849
3184
7492
9150
335
4311
587
1676
3933
7433
221
2661
2597
9608
5336
8008
8719
8661
3227
589
7382
9631
402
9898
6928
9640
2632
5170
2157
8604
3988
6007
1788
1480
1509
2123
5791
8448
151
9725
5881
373
8738
8478
9981
4074
2839
8700
9088
6066
5641
2822
5697
2395
2720
8977
8388
5353
4147
6897
309
8135
9256
2097
5968
765
573
8111
9213
724
4188
1446
7449
2926
9925
7430
3353
9116
2482
8793
5182
4475
1615
879
6871
687
6208
1611
2392
355
8508
2701
4842
7765
1151
810
8530
1724
8922
4096
8800
3110
5542
6250
2389
1819
32
2094
935
8867
887
6117
3342
8854
3348
6565
5893
9556
8176
8286
6263
6685
7339
1106
4450
8490
1916
9332
6566
7190
3428
5367
6653
8971
7969
9042
790
8001
7488
8078
6868
8375
4195
6563
3581
3896
3128
9474
9804
1305
4112
6068
7990
7804
3526
8792
6294
1794
8124
9213
8985
1553
932
5638
6876
8901
1032
4018
3254
8520
2096
123
3247
2644
6686
3180
2892
6166
9006
2696
7471
3119
5116
1813
7275
8642
605
3569
437
5082
9134
5774
2987
66
1412
9863
5319
8796
233
8574
7316
2330
5049
6915
1326
1735
95
4218
7901
9101
6914
1725
8572
8383
9890
5847
3377
496
5769
3814
1930
1255
9588
4917
1322
7352
1132
6641
6148
1365
1567
9816
3695
6616
3083
5021
4703
9530
5591
8957
4984
2506
682
3556
7241
572
5756
618
7420
7877
785
5702
9132
373
619
6806
4078
1751
3448
6578
9469
1367
2747
9516
7984
5830
890
2687
1713
6481
1644
6697
5339
8678
6605
2580
5603
8713
3199
9375
6590
3984
5078
5723
709
5697
2529
1139
3801
2329
7718
9622
3697
6817
9138
8033
8999
28
720
712
6510
8717
7409
1849
7395
367
782
9350
9080
3981
8726
5671
4317
3804
7746
1378
5853
6627
2518
6006
5309
6588
5628
9006
3405
4767
3391
2404
1147
4111
9469
7657
9180
3230
5859
2928
3597
6641
2278
2678
6974
1004
4701
1291
1160
2447
2669
3366
9074
1539
9372
4383
8127
5001
9741
7884
6120
3132
6641
7267
3596
6110
1277
2776
9340
7136
5704
2938
129
4335
1968
7103
1691
6669
4746
9204
9116
3767
2570
4542
5307
1942
5278
9786
3295
1371
7671
9415
856
4312
3035
4452
6774
4312
3580
6114
7800
5637
5404
7929
6324
7372
1384
8015
393
6130
7219
5861
6249
6141
6756
7908
8084
2034
7695
7731
9757
1718
7147
613
2382
182
1417
9156
846
1350
1622
8646
6987
7027
6575
3311
751
4311
7678
7497
441
1250
3358
6690
7391
114
951
1827
8500
8646
9559
8258
364
3058
8871
2746
9592
6641
8254
438
7991
9876
5436
4978
3255
8363
4641
4007
2674
8671
7856
9467
9921
1214
2509
3665
7681
3460
5492
6181
2106
1403
4439
8822
4461
9663
7920
4053
6304
6174
843
4295
6051
6279
9273
9306
4642
266
9665
3668
8937
7521
3135
5211
5088
5645
5228
2769
9105
720
8950
7564
8476
9742
6386
2937
9405
4307
3343
5709
481
4186
4
2884
6818
5629
8543
7812
2247
8208
1481
1184
2082
4616
2747
7170
6613
7975
6291
5719
5048
1593
3283
3524
1335
9669
2813
740
328
6156
6449
7162
6695
2805
46
9865
4786
8589
7677
7033
3150
5510
4570
1584
127
3669
5106
6740
1645
1397
8811
3045
2990
2094
6569
4326
8116
9382
1418
4796
1891
4220
1958
4938
7025
8357
1155
8164
3298
8832
5197
2800
695
6119
4384
7174
9789
9490
266
1434
887
9078
4479
230
7524
7400
4556
1992
3134
5974
6789
1377
194
5099
6315
3572
9808
7470
1736
3107
2655
3285
5907
3350
9405
292
524
5546
6134
790
3332
7022
6220
4163
7252
3745
1563
8160
2089
4697
486
5230
2427
7033
330
8742
605
6490
2565
8693
9597
1572
8330
1857
4922
4087
8501
1798
9633
4635
8940
2965
8009
5161
7128
5261
5258
5043
9773
3699
6093
6612
8930
8520
3645
5612
3614
602
2102
6179
5647
1700
7751
3977
9909
9025
8065
8410
7175
7698
3045
6116
7016
1055
7629
4144
2668
9239
9188
8794
2938
1633
5406
1868
153
5403
7480
3767
6005
9583
9947
1652
7635
4050
5629
7544
9428
46
2306
6603
4097
1703
2719
1113
9110
6700
1609
8131
5939
7149
6925
5230
8782
8683
7098
8935
4086
931
2703
91
514
9002
8095
4501
9404
3724
8397
8832
123
703
5436
4220
8758
4507
5333
7869
1208
3294
6000
3499
444
9277
8729
9226
7960
2180
8162
8398
3111
7217
8489
9977
2571
6584
830
1975
6660
9227
808
6783
6282
6244
7355
5040
7103
9040
2909
8311
2335
5261
8163
2779
4538
3244
2005
8850
5424
6519
7248
8535
3736
2089
4864
6307
5025
5694
4635
1686
4921
5443
4821
1203
8039
8529
2596
5142
7569
5505
9806
9904
7119
7969
2683
1657
1213
4689
508
2990
7560
7756
1525
1297
9846
2742
3956
4871
8436
8591
2909
9710
386
4083
7265
8425
2612
9861
9920
181
1719
9726
86
8838
4047
2769
495
1612
3810
7355
4602
1371
1464
2480
9020
1310
5222
9328
2533
3658
4272
1795
9720
4658
5878
6986
9436
4842
6847
9356
5023
4918
9082
1461
3756
3129
4231
604
4741
4393
7959
5696
5764
9423
8176
1136
7085
3398
6817
9619
3408
1089
7766
3129
5747
3644
6467
5183
8486
9666
4539
9861
4585
9973
1323
8341
9454
1906
8945
4196
6299
6905
6244
8416
6328
4420
5904
9766
4170
2721
9385
7578
3810
7151
7059
5910
7147
9878
7445
1985
9545
1985
1846
4130
8310
9521
2471
7765
1427
7769
8313
7727
4674
4557
2495
7354
8977
8399
7120
3147
1121
2857
7077
1283
6360
489
7193
9859
367
4639
1844
6264
2976
43
394
1286
9564
9218
5403
992
6987
3716
5071
8013
8273
7566
1719
3602
2317
8840
3101
3438
8049
179
4722
762
7020
1915
621
3739
2906
2466
4
5882
2509
398
3521
2073
5968
8924
9417
2955
2641
840
968
7266
8406
9040
869
724
7880
322
514
2281
501
1588
3043
3873
3504
3665
7613
2762
2483
3969
8645
4992
719
8518
3417
6688
7442
9187
9643
83
27
6964
3702
4786
6004
4571
1862
236
4893
2376
8869
1747
3965
8265
1972
3821
1930
5937
6583
4413
9906
1580
5757
626
98
5526
3666
3893
4713
3309
328
1093
6625
4030
5879
8981
4953
7741
5569
6199
6469
791
4298
434
9056
6270
607
7338
8560
3543
1751
8466
5123
3860
5444
1574
9386
9110
5467
452
8772
5795
1545
1749
6178
3776
7083
1131
1517
9004
7330
7986
9795
7980
4773
5203
4251
5380
2541
2811
8923
644
7629
399
4504
3074
8325
243
8536
144
7047
7308
2291
8592
9058
8469
2368
6141
5953
237
5145
9635
8223
1293
7616
9348
6496
8219
4729
9038
7382
4
9682
5011
6755
539
4437
5080
7134
2974
1576
4181
282
3868
2773
5692
8689
1493
8185
4642
1730
9683
630
6305
976
8246
5654
3824
6465
6735
2862
3847
3091
8897
5210
9847
5788
6000
1279
2922
8974
9208
7103
5608
3076
6228
7653
8117
7721
5838
9112
5803
5521
9742
8460
2849
4340
466
6674
805
3553
5888
1004
6645
4785
2566
2844
573
8566
4123
9847
3892
9683
6950
9501
9111
3178
7154
7229
7251
9344
2693
3054
1218
2435
7867
4067
6775
8333
7093
3932
1887
2982
1288
8532
4119
3854
7728
1045
8773
8203
892
2665
7887
7843
8518
6998
1021
2024
4227
4625
1369
3272
7679
2587
5707
1898
3006
8834
232
100
9118
2119
9434
6758
7003
3553
6965
4731
4598
5738
2934
5491
8403
821
9686
3274
7820
707
5298
8399
1684
6667
1672
5716
5606
3731
7614
8613
8918
7846
5065
8036
6317
851
4795
3320
4404
1760
4403
5355
3850
7338
7198
8605
4511
6884
1879
8683
3943
7178
3435
5628
3845
5107
1344
5804
5190
8958
769
460
6805
5834
8497
9474
3037
9644
2795
7441
7756
3550
9148
7958
888
6346
6563
1752
3230
8443
435
7174
1973
3870
2802
5818
5329
4146
7974
6872
9456
8743
7332
6261
929
2181
2088
3966
8177
1235
1408
2285
4785
556
243
2026
3255
6807
3778
6485
1602
4213
3659
3575
4436
6461
5745
6117
6959
72
2989
6416
8815
6674
9029
9745
8855
1117
3711
7033
2352
1471
9318
7138
8380
5914
9164
1635
9073
9294
8120
675
9859
8132
602
4295
945
2699
413
7905
2771
9754
673
7939
6428
6054
7684
1636
7172
1395
8669
5876
2867
4339
9366
1247
253
4882
9234
9326
4176
7354
6353
4036
5486
3307
4683
2784
2359
5096
7041
5130
1203
7714
9421
3983
3768
7105
5619
7292
4853
4288
3169
4072
4980
2535
1671
5233
3770
905
912
7946
4611
3617
8334
6450
6925
3018
9234
9284
4466
6275
766
5669
3989
188
9653
4109
3645
5272
1402
8498
5913
923
2570
7245
9810
4241
8830
3580
5146
9742
1527
6110
3360
9861
2560
285
9231
1794
5921
3698
8069
6687
9367
8410
3227
5372
2519
6873
6997
273
5371
9262
1196
4294
6507
1007
8535
5337
4587
34
1432
2466
6144
4792
8680
8704
1429
7911
6850
7350
1609
4919
389
7329
9681
3617
9053
8552
6842
6050
8826
2213
5312
22
2859
8171
7381
7747
3509
1969
7781
4941
787
277
6085
5819
5333
3866
3731
2183
7568
1692
3454
7957
9021
9487
7926
8075
8039
1120
477
6865
9686
2142
3240
2545
313
621
292
174
8942
4425
5115
9730
1054
7552
5549
6387
1418
5632
4922
8986
7325
4728
3296
2698
4215
7574
7125
2255
8695
7603
5472
8381
9745
8712
926
6410
9334
7571
6585
8276
1996
8052
4358
3051
5605
6260
5790
3375
1892
7065
8714
5569
1793
2010
4620
2361
9584
1745
968
4631
5700
6440
9364
1797
1505
6643
8208
7191
4214
1145
1819
2562
9197
6178
5613
1154
8790
7756
4530
682
4821
3244
2604
2966
1606
7224
5327
7542
8969
2647
2174
1022
5440
7890
2819
6945
4533
7379
488
8747
8524
2307
1310
4074
4837
3275
5228
3627
1031
6110
662
2204
5706
3266
5171
7312
490
6850
1207
5811
9498
9733
6833
1290
7623
6005
4587
2157
3384
5075
7256
8261
7382
8566
2335
8572
8194
3915
2199
5577
26
2861
7782
2084
2479
9305
5749
2969
6155
6956
5133
2005
6689
1966
3295
4312
4323
7882
2821
7708
9309
78
2321
3044
8644
1008
1616
3190
4923
167
8768
1301
3029
6550
3386
1860
5855
5487
1182
8362
2443
6315
368
5484
4633
15
9796
8957
7898
2618
3017
7207
9048
5338
6603
7692
6346
8219
7235
7621
8387
6003
8923
7768
2553
8661
9628
4760
4148
810
3122
6591
7125
9842
8427
1759
9858
8223
7068
4108
7193
85
7667
6241
5423
4271
286
8121
2490
7521
5742
877
9876
4665
4997
8781
9678
4626
3541
3826
1788
3015
6769
8914
2858
5196
7025
2716
9772
445
3176
3317
530
843
5911
2305
5114
2549
426
7605
70
6168
4834
6298
7186
9832
5079
6864
810
4972
7043
2598
7987
164
7864
7197
1713
1241
6265
1485
1686
9441
1154
2216
285
7065
873
5399
9614
1299
9356
6036
3820
4191
2334
7358
375
7413
574
1185
2385
3969
3783
6725
4134
1648
3922
5847
2889
188
3684
4576
9629
4838
3144
9914
8256
4018
1666
7870
1669
1022
259
5489
1565
2593
9199
1940
6359
9774
3125
5096
3743
6909
1821
7877
4909
2096
76
7798
2284
3760
8726
8265
4951
1871
4532
3207
2241
6198
7429
3910
3572
7688
9400
5138
6634
4951
7078
2993
4725
6556
4441
8469
9817
2615
2698
4726
4711
9127
2524
3347
9239
7603
1612
4190
9474
2496
3749
8067
5046
1179
1977
8619
5219
7729
109
1853
2681
3539
1198
7406
95
5640
2227
9912
8255
1278
990
9318
405
3515
2665
9644
7470
629
187
3296
9478
3936
1363
4524
1467
3340
9495
6687
1070
9604
4892
103
9496
6091
7509
9591
8083
6089
5856
2690
7367
6846
2008
7772
6713
1025
7416
4183
8006
7603
3831
7484
7892
5194
8361
9359
8535
7856
2398
5957
3813
7291
6060
3309
3382
9921
9252
7817
6010
1460
507
3377
4659
8867
1149
1372
9892
4918
1908
7898
8873
5739
1735
6765
934
96
2477
5821
7952
4875
1778
1765
2166
4190
1426
1900
4111
679
6069
122
8491
6576
3499
3150
5443
1001
4523
1687
2271
2783
5938
1144
4874
7673
4262
2160
7769
6739
7981
2073
7966
6111
191
6485
301
1617
4737
4413
8648
807
4535
7140
3735
4386
290
9179
1739
1165
866
4010
300
6804
1507
5175
829
5769
3687
8598
8860
8021
7024
3178
4132
7215
9663
786
5184
4401
1551
185
1560
2438
3677
5295
6824
319
826
4916
7837
1693
8926
4489
4849
433
6016
5679
2554
9704
629
7766
7725
4005
945
8209
7572
608
5347
9109
1361
6898
9294
9273
9336
9323
4569
2513
5994
5395
7429
3831
3440
6355
4673
4642
3141
689
321
2047
393
7302
9814
4470
1308
7111
2680
8880
4071
8027
7989
1785
1278
3635
1058
614
9310
1979
3127
5305
7375
6908
5488
7167
9616
161
1809
2757
851
8482
1156
7596
2137
7322
2067
3445
4433
1099
8677
8505
5478
3019
6642
6756
6654
7700
7371
2317
9680
6850
3974
3407
3759
9462
6926
3375
5976
8736
2484
3179
3570
9992
775
5707
7315
9194
9152
1748
6645
4182
6605
2124
7201
3247
5232
207
7300
8955
2524
3332
5806
6498
6739
5917
2313
17
5644
8289
8753
4480
7820
2324
4472
4947
4383
1787
4142
9888
9888
787
4070
2845
9263
1271
2445
4496
1478
9745
9803
355
3077
5609
3205
6168
7878
5518
6185
3522
159
1291
4354
7979
9967
8827
2927
4350
614
3421
4238
6854
560
4660
9700
6176
5931
2145
7024
3762
8242
6827
469
7671
8789
3674
191
6667
5545
2728
6542
5704
371
896
36
338
6075
9315
1041
6690
9088
1631
3544
9648
6292
9596
5824
8575
8093
2848
8689
6335
6028
9158
358
4817
9185
549
7836
4730
9630
4378
6786
1
1627
6822
340
7702
2489
7733
744
1577
9364
641
1226
2008
237
3402
584
4683
2603
9273
7370
8631
4784
7729
9800
3969
4630
7636
8699
4260
8367
1837
4262
9994
5012
954
4048
7501
8687
1145
9079
4403
1786
6657
2764
8375
6411
9700
3058
5366
5325
429
3997
109
4510
149
4078
9140
7786
9129
3401
6153
967
4015
2499
2331
4969
2899
9832
8
4044
5263
763
5830
1920
3527
558
4684
3227
3616
50
8553
397
400
5014
4907
549
5445
400
4687
926
3801
840
8245
7816
9691
576
9137
2591
409
9145
6635
5672
9908
2466
3945
3436
3024
4981
3015
2992
5031
7920
9742
1783
2935
1001
2333
8380
1401
7020
9306
5202
4213
7552
9370
3904
8128
8507
6495
4889
4004
9483
6914
3913
8301
7211
3701
7677
2192
3068
669
3575
989
6763
5359
276
7765
7692
5008
9166
1064
4314
721
5277
8218
91
5534
2699
4951
8381
3940
8955
4216
854
9220
2517
8065
2921
194
6609
2342
7216
185
3331
3979
5544
9959
1744
9588
4967
911
652
5633
1632
2282
3852
8075
4168
2903
9378
8901
3195
8334
3118
4050
3906
5635
8467
3180
5830
5077
5522
9398
1614
5205
3377
7158
5164
1474
6746
131
8737
3750
5764
369
2384
5968
4796
6552
5223
4175
5454
8419
8861
4924
2469
2767
559
7288
2299
2741
8717
7821
2139
331
3026
1869
3841
8190
3343
6939
4673
2080
7042
438
8801
9426
6406
9949
2331
1630
4124
4137
6401
9337
9061
8870
8457
5972
2510
756
8714
1228
4930
853
7911
7956
9074
8105
2499
2417
5044
7172
4497
8438
7610
3298
7865
369
3248
6548
8351
3724
7037
4752
9414
6098
9974
4223
2070
8836
1331
7136
6416
6261
4342
680
570
3416
8785
3069
5834
181
241
6683
8620
4204
6334
2837
925
5934
9385
9276
6010
6422
380
1776
8872
6706
5999
7294
5542
7331
4431
1959
3592
8773
2639
4162
2189
7776
3583
4375
7957
3825
1059
6577
4381
3745
9414
5306
9679
5151
934
2041
1573
1314
3818
6797
4372
9817
4092
9914
3500
8523
8225
3445
3648
7216
7607
2189
4992
7543
6565
2950
7720
3976
5879
2101
7721
1646
3759
3752
6797
4693
5793
4723
2359
9611
1520
6731
5781
1964
2997
9281
487
7575
2726
487
4791
6686
2677
6136
4229
9242
5438
8301
9570
1317
402
3643
2963
513
7395
6113
5206
9540
836
3917
5504
8708
7000
1285
673
9997
6918
7512
3924
9645
8000
8716
2683
677
1204
3264
6271
6642
1565
5841
7959
8319
9484
7275
8832
3231
3388
4038
2771
4224
4307
8275
9284
1307
5912
9957
7656
2831
7470
1581
8828
1822
6649
7863
2499
7853
1127
8770
4495
2692
4611
8806
1011
447
6081
6195
3678
9469
233
6449
45
892
1077
9330
2199
3341
5639
6207
6172
3109
7788
1352
1283
789
9215
3782
4994
342
8904
5841
9386
9867
4648
6749
314
7081
2944
3992
2903
9529
6794
9300
421
7871
8630
8972
1212
4270
5180
3737
3731
9320
1441
5015
110
657
5149
5104
7351
4054
946
3090
3921
1946
9839
588
5379
9136
4580
8282
8665
1374
7583
5439
5597
2565
763
3162
3187
5943
3251
3271
1616
4692
4638
1726
5349
9787
3182
9053
193
480
2143
467
8778
1982
1055
4158
7470
5635
8792
2488
3362
6375
7927
5311
8941
8690
4825
8480
986
8076
1751
2602
2769
6389
680
4470
2529
214
3523
2722
7047
5666
3189
2177
4001
4244
6335
1471
6232
5128
3959
5946
7855
8238
7609
3148
3281
2435
1629
4267
511
9732
3221
9632
6122
253
4103
5003
6819
7626
4077
3866
9645
7267
2396
3646
7863
8731
1469
447
211
5429
2745
8067
3667
355
7567
3300
9142
9196
3919
6005
8929
7140
5638
1403
3745
9741
2758
565
7367
6835
783
7012
4102
3179
7010
8318
8263
8480
5117
8474
261
7863
2893
280
4570
461
3581
3712
6009
7500
9717
1290
993
5355
9045
4738
1448
1803
1655
5168
8639
2439
2180
9093
1970
5543
3763
233
4023
8881
5060
4284
6744
4305
4564
7666
4766
4497
1378
7128
1998
7447
8418
2991
2803
3816
7729
4251
5619
5737
9419
610
8176
7952
9704
6498
9847
9819
6732
3870
8700
8144
4506
1796
2449
5422
9462
3568
6272
7192
696
8270
4640
5466
7613
3795
9282
1694
4398
1254
7431
3818
1864
1959
8122
7920
8458
4321
7740
1542
8191
6440
9686
9049
4589
2135
823
403
2055
7095
7596
2751
1717
2236
8218
9330
2383
3852
1025
6781
5106
8456
6951
6971
6768
5073
4891
5226
9394
8983
6768
3937
5424
2806
9338
6365
4941
6514
6768
3349
9961
716
6100
1679
9304
670
1009
1687
875
8386
8469
5981
3195
5420
9304
9963
6846
548
5189
2592
9531
8309
2882
1307
1115
8572
7672
2408
5086
793
5757
5048
1509
8210
3079
814
8880
440
2501
9755
8827
7322
2089
8374
9095
1393
4689
5941
1941
9878
4885
1473
4539
7767
9132
5654
2692
6805
4414
7778
7598
172
9178
5459
8382
2257
6273
3614
2698
5127
9722
7877
8801
1811
6251
7896
9556
7292
189
7850
7170
5075
5675
8061
9194
4807
67
1886
7964
4481
6017
5562
4653
1547
7374
9387
3805
9999
3002
2855
1478
9076
7084
280
7239
9687
4528
6795
6979
4718
4645
501
6145
6672
8562
1691
1480
8629
9930
9444
3110
2299
1359
4116
3846
8733
9855
4003
8732
9209
6858
6563
8285
3942
6843
5524
3629
7723
8672
608
2441
9669
1109
4938
6342
6023
2982
7822
4652
9264
3618
4115
1563
4977
4583
1761
62
4438
5765
5147
3648
2623
1710
1933
2918
4905
3810
6547
2628
2482
3508
1422
2151
969
2712
8493
6993
5694
2667
1645
1310
2638
2112
2873
3967
6695
4635
4030
1134
400
5529
1134
9375
7239
9419
2293
8496
3229
5193
1124
2063
5053
8898
567
6022
1611
5412
9367
3657
8080
1013
4968
7070
9477
4193
1037
6173
8828
5067
3659
5580
6948
1145
1308
4187
564
9953
9035
146
1498
160
8561
6551
5410
9128
8926
7021
4541
8293
7031
8973
5658
8351
6043
5136
2544
3432
7661
7725
4852
7672
3305
1800
8817
965
2340
5733
919
1375
2231
2417
7887
793
5321
3298
6273
4247
6671
814
8892
54
6139
4551
8405
8534
6039
950
1967
52
8675
6819
7724
8332
8619
2893
9298
7311
4978
217
8687
7210
8986
6574
4355
4307
6224
628
8554
2896
7795
3799
2950
286
8350
1356
8821
741
8658
7140
793
3685
3959
4869
2017
8930
4114
7667
6242
5444
4236
1281
9006
3223
7855
3361
7530
432
342
2437
3328
8137
6236
2630
8423
938
338
3596
8031
8996
736
5176
2681
1047
45
1051
6330
511
8718
2572
5955
2955
205
4962
2530
8060
4675
6412
8492
5017
5201
8172
9506
7789
7155
4282
8727
7493
7878
3110
6490
4967
8286
5523
6014
4683
6574
2344
5194
1645
1268
7502
4600
7825
8816
3482
5886
3491
9894
730
4861
5096
5255
4367
2885
2410
5001
7965
9903
9232
1075
2745
4199
9362
4621
6565
4045
7547
5262
5592
9192
2882
9446
144
708
8262
3626
2946
1753
9873
28
2966
4969
5283
3686
4206
4045
8687
2171
301
7919
9599
9398
8470
5313
4019
5036
5710
1567
6650
1302
7111
9532
748
3608
240
5362
7234
9538
3468
7107
9567
6434
8428
4850
120
2635
8896
8808
1158
5549
3079
757
4947
1550
6070
8967
2938
1781
6886
9588
9435
349
9120
6536
3957
5713
8250
1192
5251
1718
4651
4818
8153
3080
6021
4625
2067
1269
9785
3225
6818
2865
3983
1765
767
6405
7084
3705
4538
3970
3293
326
4320
8765
6862
4629
4478
1464
2173
9730
3183
6825
900
1336
6257
6921
5961
8324
4542
5747
1549
1360
4964
1884
3126
5731
8290
6562
9436
2828
533
9081
9506
1205
7846
6368
5834
8677
7833
4360
4759
7368
1185
5659
8704
3794
8933
1017
2118
3475
3116
19
4836
4432
1904
4314
163
6546
876
5951
5726
7761
1384
5233
5318
5583
7953
7505
4260
2138
1865
9019
9506
9402
1030
4562
3196
6315
1932
5314
9791
5048
1685
979
9481
9941
1645
5996
6487
8873
8300
2214
2987
9684
7447
8305
5267
1752
2162
9527
3891
4027
4898
3397
9781
2281
7960
2977
8596
9892
4643
8387
1292
6329
5718
7125
6270
7363
9474
9110
6237
7774
1324
9224
7458
5123
3881
2726
6875
6044
8605
766
6423
9856
516
2557
2137
4828
5534
733
1072
6530
5473
2364
9211
1191
5842
1833
4907
5316
943
7496
3090
8619
3072
548
94
6953
9626
6970
9349
4584
4088
2125
4440
956
4682
6577
5784
6568
3662
6856
3098
9135
5573
8661
327
1415
495
1586
6731
7790
9082
6173
6410
2154
3073
6504
5459
9052
9826
1161
3636
267
3286
8076
1223
4320
1005
7008
7240
4667
216
6691
3803
5789
5352
482
7204
2199
8420
287
9990
7502
2812
6400
6008
5886
9256
1467
4938
5435
2628
4926
5702
2266
3002
6925
6586
359
285
179
5026
502
6870
5181
6291
2222
2015
9848
4422
435
6487
4412
7937
9300
7164
3945
1538
2772
1765
2828
8207
4393
7754
3909
6660
7108
7187
9598
7467
3824
9777
8845
4326
2999
4027
6970
5222
6042
6818
5996
2830
9657
6760
767
8957
276
1065
6847
3048
2830
9675
1256
3575
7429
1517
6587
4537
8704
2538
8356
2529
8667
7202
3207
1667
7581
177
3241
9975
3347
9237
2805
9357
2349
9925
8314
2625
990
5162
5673
172
1189
3281
99
8619
4799
6687
9508
9855
5577
7865
8736
4244
5067
1944
5911
2648
8473
5504
2623
8173
4741
1781
7530
3442
1706
2196
6067
9048
3710
1741
5572
4900
5022
5671
9871
6173
8710
9379
6029
4287
7244
4765
4884
8663
3061
7147
7663
7887
2652
6639
2412
3745
8420
6294
7188
6478
4842
3255
5526
4905
1348
7450
6157
2723
3121
6028
5248
8184
1759
1277
8823
5356
2395
3707
4019
1808
7207
8035
6047
9859
1026
8459
9956
5798
4753
7144
2276
5948
6752
4154
853
4452
1604
7010
3527
1077
3038
8776
5613
4797
6405
4437
6505
5152
4496
525
6961
1703
4912
9360
7914
5938
7820
7871
8088
8925
1367
364
4873
4471
870
2078
8924
8826
9088
8803
6255
8478
7579
1869
9628
337
2658
6133
5489
7154
3010
8802
5210
7922
8163
9476
212
2335
7347
8300
1260
5067
5016
2486
9538
2238
4564
4814
1064
5
3618
7320
8483
7549
5541
8111
7886
8199
597
9728
1705
3607
8530
6915
7882
3045
2744
4446
5380
91
2747
6641
1510
4115
5479
1049
6354
43
2215
3770
48
5833
7442
4884
9735
2983
9347
3973
7534
9944
3701
9240
9904
2232
2507
7786
5277
5251
2232
7010
1695
1331
3651
3205
1799
5482
606
4505
1877
2822
8275
8278
5007
5718
3162
1094
5053
2509
5068
2588
8806
8769
8180
8710
7353
7039
6496
8983
2291
5080
5993
338
2764
5996
3543
4563
1478
502
9068
3355
9676
3695
1633
1035
5765
1147
2130
819
3657
7198
9759
2463
2319
7939
1173
9673
1330
4021
8656
3621
5453
4649
311
8217
6997
207
9132
8475
709
4552
8182
6737
8248
6168
7772
4013
7315
9902
1184
972
3452
7295
9787
5772
1586
7312
1797
2917
7685
6805
6538
3139
7806
3202
7708
4803
3409
6841
3278
4118
1393
7812
855
5993
3980
4979
6359
1296
4882
7543
8620
4686
4839
4760
6810
6425
2072
4959
9342
9758
1764
2233
9249
9570
5435
6957
4373
8844
3798
4003
9314
1544
1816
6521
7537
5796
1500
3896
3444
2734
7792
2065
3773
2631
6825
583
5408
5249
5543
1103
1359
7307
9688
608
3230
1475
7566
7603
6671
1364
1607
5985
2908
9775
8858
6798
1923
358
694
5368
9445
8486
3785
3218
7469
6962
3801
9230
2211
5696
333
3571
9356
21
4179
2586
7848
8097
6541
4519
9462
4500
6856
8722
4275
5714
5520
2551
2424
6215
7919
1869
1053
8056
5087
4875
5018
5241
4105
3581
937
4438
3504
6645
811
4036
9231
8659
2133
5773
9530
7947
273
6386
6670
901
8452
2190
3452
7228
4757
7723
9098
2163
5779
537
7038
7149
5778
1143
7082
3068
1933
587
9713
2744
975
5297
7755
3108
7422
3637
1056
4047
6375
4078
4948
4827
6268
8400
8407
7378
2475
7505
9541
4606
8043
6579
1755
173
7722
5190
9593
9655
2129
5659
8751
3104
7308
2858
2564
4730
6495
3620
8777
2870
7698
78
4049
319
4830
2456
7697
7306
6314
3590
1912
709
169
20
7234
4243
5210
6828
250
7339
8839
9001
443
6147
8211
3007
877
4706
2980
6006
3928
7030
6084
4329
7349
915
3137
1398
8221
9451
4988
133
160
1509
6505
3747
5752
1715
575
2354
9054
9414
1355
5849
5561
5918
5209
2790
624
4541
8796
904
1571
1233
5233
5273
2148
4723
3023
6721
4174
8012
3206
687
5873
9712
4434
7978
1427
1361
332
6834
775
8040
2683
2688
3958
4244
1830
935
8785
626
1839
357
8211
3425
1982
359
8148
5005
3432
8674
9369
6639
9361
5243
2703
3795
3221
4130
5156
9905
7316
2283
7945
6352
1323
1904
596
3153
2839
9382
3780
4678
6091
1991
4455
8073
8703
2603
3078
2135
1278
2448
5126
6991
4043
7829
7139
3616
8312
8647
3521
1980
931
1467
8332
8606
3371
8929
1760
6210
4663
1892
7240
754
235
1696
8827
8938
651
8257
7426
8281
705
8904
5273
1100
3086
8764
4716
7750
7411
4590
9730
4694
2409
8063
3301
5780
3344
5061
8342
8007
6953
1934
8761
7188
9982
7588
2479
6986
5845
6257
5267
2903
1513
6892
355
4599
5656
1424
8701
9420
6014
8432
4114
8423
6495
7415
555
9839
8828
5249
7846
2133
7183
2959
5674
3518
6899
4505
504
9096
7114
5771
1999
8627
9016
8707
9579
1024
131
8280
444
2497
6712
4559
7272
9559
8326
4179
5750
3507
9428
9948
5640
2963
2907
1314
6481
9806
2171
6985
8903
9285
9109
7254
7913
8125
2313
7492
9149
8796
2124
9594
1293
5189
505
4917
4748
5183
9096
6851
8690
4876
6799
683
4192
6059
8349
673
2217
521
4011
1120
9806
3120
4727
4071
1245
3392
1563
6746
2189
40
6340
3482
5229
3197
4752
9977
4733
200
6828
3423
5077
9980
458
9269
6039
8808
6294
8256
5681
305
5729
5487
3425
6808
5911
1022
200
7474
7769
2389
3866
461
2224
9095
3659
6976
9073
8392
3528
2253
8167
4957
8585
4978
4226
4624
138
6873
9233
5819
7178
1314
7658
6956
8122
3569
7978
4674
7396
5747
3416
1262
6209
5640
358
6220
8968
5783
964
2496
4388
9131
7454
2974
4109
8032
3950
4247
1257
9535
6418
4788
849
4077
1744
5323
3998
6074
6350
1394
8174
9766
9009
735
1758
9367
6955
726
1502
7919
9574
2242
3402
3380
1568
7512
7765
5519
8111
9022
1406
4530
3810
2256
4959
1906
3931
8957
7981
281
352
6155
47
5713
6890
1805
1432
3845
8883
2934
8116
4810
1528
1518
8190
3097
5382
2307
8616
3494
1330
22
4376
1492
8630
9335
3399
8914
8292
1380
9195
4996
3887
5595
709
777
3752
8493
974
8988
1427
9090
3798
9308
6960
8340
2405
2343
648
7373
2189
8330
3747
6565
6174
2378
2252
9573
7644
544
7305
6839
1893
1192
8786
8954
8321
2539
7448
9295
7879
5227
4737
1677
4535
8050
6369
6940
393
7017
665
8934
1699
4413
5499
7874
3143
7751
3799
787
4647
7457
3978
2892
5001
2765
1847
3323
1656
5647
8970
9535
874
60
7564
1762
8110
3933
8702
8503
7303
9368
3789
5354
133
9288
9580
3276
3391
3380
415
4390
837
4393
7283
5838
7158
9130
5513
5166
4777
4484
1053
2003
4544
8617
3765
9006
8903
8820
3861
2558
4540
7650
7912
4673
6938
7493
4301
6681
7225
4716
1071
4414
9109
8354
6604
2620
3836
2118
7786
4965
2954
8840
6969
3850
3809
7086
2856
9064
5906
6717
1622
446
719
9535
1471
4009
3380
5772
690
6957
488
8113
1371
5950
6468
7975
8570
6656
6445
6356
1622
9399
1548
4943
9601
1710
2029
2457
774
4288
5526
2397
1086
6245
8284
2558
6606
8016
4682
7296
4973
5171
5410
6344
7473
8230
671
6043
4886
7117
8751
2860
6516
6652
4155
6118
8362
2537
4927
9136
6825
6806
7885
4263
9403
2521
3173
6010
6889
7856
9658
1862
9379
5068
4558
6852
9650
5230
2895
889
2347
7998
3749
5215
4650
4257
7685
3012
6794
8965
8501
3619
5771
2738
4234
1526
1612
7408
7536
8501
1616
3547
364
995
4967
1274
4199
4618
6504
3446
5507
5203
1444
5608
419
2447
9865
8104
5459
6659
7069
312
6630
9192
9403
7217
719
1015
4625
4607
9516
2593
8154
6232
3588
3122
7507
4139
4092
363
7585
5951
5567
5381
1559
2338
7828
7777
6794
9640
788
216
6304
7419
9408
5707
988
6479
3074
5613
7439
2591
8206
1945
5175
8146
5067
9034
8637
5511
9398
2574
1462
1317
4307
3022
3655
2136
7151
6801
8128
7939
7017
4432
1710
2778
6492
2698
5609
9566
4663
3048
8509
9221
4994
37
3719
6413
9071
2356
1925
4821
4930
9739
6138
9238
9113
6145
7726
6264
9299
2206
4204
6316
2990
2266
9094
9482
4965
4704
5401
5980
4104
3910
5202
5450
299
8921
1864
9371
7630
141
4192
2560
9880
6683
8150
8994
9180
2228
1610
8479
4434
5814
1148
7425
4433
6594
6907
9398
1298
8660
1730
1755
8923
6932
7205
9222
2206
5421
8593
9836
1914
9138
8748
8147
2173
6899
3493
7705
9127
5103
2537
9914
7270
3685
7339
1703
279
598
7453
7930
9259
9183
9685
8182
2468
3242
3756
4674
5016
8702
4510
6930
4192
3258
1429
2717
6509
4922
422
1989
6378
2959
1903
3648
2996
9242
1703
3276
9840
9156
7558
5451
4691
3595
9985
7159
6837
3742
8185
8205
8796
2695
1488
2988
2306
2917
5705
8815
4192
2479
804
570
5439
9059
570
4787
8301
2273
4415
4494
7781
1973
6297
8824
1920
6283
5984
8758
6377
4169
3315
5173
3217
4803
8161
1875
4073
218
690
8265
2697
7847
8835
4488
6906
9405
9276
1560
8030
3691
2406
5811
2017
8703
4635
3937
4986
6971
9047
1363
7493
2363
2888
7062
3518
7401
8937
7591
7619
5979
5856
317
3826
1043
4805
7085
448
433
4997
4830
477
7403
641
2494
6106
1629
2783
7445
4952
1831
5160
8797
546
8049
5859
4064
1802
4796
8008
9422
776
3864
6091
954
4908
896
4391
1708
7682
5740
6539
8159
3143
3532
7005
5602
1513
9788
9399
6466
7971
4559
5263
8517
8960
7475
8934
763
2271
6942
6537
9399
7158
2628
6706
8418
9876
1097
6479
7558
6838
9370
2069
6333
9254
9074
1935
768
8863
7686
3586
3186
8598
5201
1704
7558
2676
6990
4673
1300
3932
1210
699
7442
190
7405
5861
67
4855
8692
3977
1693
8062
6047
8026
7316
1473
6314
8084
6688
352
8022
9875
8950
3224
1579
6509
5900
8569
7534
7200
8853
5097
4252
6295
5287
1657
8508
1706
6512
7200
5684
4557
1614
8083
8936
8931
9556
1602
3367
6245
1954
7742
6120
905
966
4051
3766
3218
8972
1300
419
7825
2749
1023
472
8037
2680
5333
9743
5545
8885
5427
102
500
9862
9038
5783
9419
6992
9150
5664
8947
6892
8136
9852
4210
2187
9970
7429
1159
7622
4200
8984
372
5223
5808
8409
4255
1141
4504
9800
27
9932
6255
6879
9794
1645
2662
5565
8638
8164
1229
7585
5057
5717
3789
5619
7904
3759
3048
9063
1381
3600
4399
1753
8823
6560
6514
3079
7701
1019
9231
4080
7303
5486
959
3449
7132
3621
9015
5770
1786
6596
9707
3195
2314
3496
5166
6570
3607
8215
1986
1340
1815
6385
9446
6991
9297
5960
70
3351
3331
9301
7431
634
1140
4743
4084
8272
4716
9451
394
2854
6047
101
2401
4713
9949
7568
1284
9908
5783
3270
1248
3950
6007
7046
941
5305
3007
7363
8656
2690
3017
2439
3325
4157
3534
3761
8781
8251
3212
9175
1105
5611
5628
3507
6677
1929
7427
7961
1837
9562
7583
9437
3512
3590
6484
806
5247
5843
4521
255
8533
3890
2695
8210
8047
6229
1971
3180
832
1535
2355
8290
7147
4335
8149
3824
6264
5576
8137
8101
5138
5720
3891
5002
5662
375
2160
910
6218
6682
1165
1103
572
212
9314
4972
6442
1285
8152
3626
9173
6860
1916
6320
7547
65
6496
3812
1993
985
8265
7131
3057
2156
2134
8719
8883
646
9629
5101
7328
7147
2557
4253
7359
1871
5577
153
9508
81
3780
8681
6941
2048
1353
841
2114
4201
4653
4107
5186
9270
7591
8243
7779
6077
3315
6662
6723
2944
8116
404
91
673
1009
3803
2544
6586
3956
8404
6667
4088
7086
9961
6137
8439
802
4603
8993
1807
5062
4179
1077
2653
8775
8856
8730
2090
5519
1806
1386
9987
2210
7830
660
3219
1633
9556
6157
5589
7960
2824
9678
1398
9137
2167
6190
6291
6770
5183
8098
1832
9362
9176
838
4489
4384
5920
6579
6255
7726
4318
6242
6288
2148
3254
5859
3781
9162
2016
5722
7123
1193
1752
4873
330
3919
1063
6622
689
6246
1072
8874
1961
6600
9712
6450
985
5632
9382
3592
9711
3700
6187
5999
5848
9441
1859
9629
8604
3875
5351
2079
1420
3456
6952
1751
7375
4368
4725
4417
614
2149
3291
2575
8750
9355
5378
6087
1339
4760
9679
1050
8460
5866
7050
660
1660
5261
289
6616
9136
1992
8695
557
5448
1999
8660
9176
6367
9737
3593
6982
1886
3236
5909
6988
2591
1287
3075
3930
2399
9107
1333
859
4973
8383
1519
2985
3644
8160
9601
9132
6505
4648
6041
8305
6648
1053
7481
9367
7142
7426
2701
5381
662
8611
2369
9605
6250
1797
9888
8650
904
1221
5861
2229
5956
7381
5215
5952
1893
4816
1436
4750
9465
7478
3056
2465
4883
6889
1832
8378
4316
4534
3759
4978
9497
2480
936
5747
4277
824
749
5181
2045
6611
3763
4353
344
8978
305
8589
146
1741
3340
5963
5571
2748
8428
6807
9637
261
5185
3953
1147
8944
5284
6996
7776
6220
9095
2054
3396
9845
3587
5441
6456
7350
6146
3152
2680
6451
1741
2827
4544
1433
8790
6468
4181
3571
3275
3819
3832
4812
4124
1331
108
5760
8327
7884
1980
7422
6290
5376
3619
6230
7169
6427
3580
9667
9579
2613
2470
1321
1792
7015
2754
582
9835
3288
4153
9462
7107
4337
4274
1231
2020
4382
6992
347
8618
5324
4122
4909
7053
7741
1139
574
4169
1071
242
100
3684
2712
7773
5476
6079
6880
2411
5914
168
2916
1728
7275
7254
6002
4858
5626
6736
8202
2326
5355
9879
6448
6616
6932
541
4107
3858
1062
5178
452
7515
5215
9517
5288
7043
1948
2168
5806
4215
2336
8723
5943
5963
2329
1946
822
7955
5034
9024
281
389
5255
3081
3357
2187
9975
7464
2398
7389
2643
2850
4904
4210
8719
6545
7605
668
8713
3412
4883
1050
2135
826
7013
816
2772
4187
8771
4159
9564
5405
4548
4819
4838
4258
3359
1165
1722
5757
4907
717
4959
9811
4927
3679
6356
2533
4347
1422
2297
9230
8824
4432
56
5837
5248
9181
6377
371
3340
5941
2128
4240
7112
3319
8498
471
4484
6573
2580
5743
7290
3892
1907
8570
7571
4615
7455
8270
6037
9752
3852
4861
536
3908
7051
2136
9441
3428
8859
9133
5721
988
9726
9185
659
4576
9657
1495
1149
8589
7239
4792
2481
9146
3362
6404
3761
7169
4674
9799
6921
8526
1012
3809
8787
8063
5945
4580
7843
4804
66
9916
2144
9792
9102
2803
4368
5111
4299
1870
3700
1538
3014
2534
684
2728
5290
797
9897
9965
6948
3170
4843
7961
6979
9982
2376
2924
915
220
7728
981
6488
9873
773
5590
9028
1493
7053
3327
9715
754
1217
2729
9640
1901
5457
4930
9051
5354
1247
5999
8524
2443
3960
5503
8777
6337
4779
9692
2909
8860
673
9397
8733
7798
1340
4113
9292
8393
7441
5359
5499
8658
8089
5139
6912
3546
6422
5963
5253
4021
1962
129
6464
2275
1985
5242
8612
6764
4934
7873
5624
1960
3622
709
9758
4962
4823
5402
3356
8616
762
5207
7274
5203
6699
538
8749
3121
2853
354
3494
1168
484
9959
3443
8821
1553
8407
5585
2839
2632
7562
4799
6254
4623
910
1217
9446
6312
925
4414
3426
6132
8041
8629
9183
8579
3731
2304
7785
437
2151
8953
7273
2110
2396
6094
15
7155
8032
2854
9787
5594
4006
6041
217
4916
3610
6016
7580
4535
6782
7359
7020
4823
5988
6203
3403
6071
4860
1188
6509
7011
6493
134
5473
5241
6229
5488
2396
4261
8342
8535
6207
8700
4576
2776
3616
4539
5144
7549
9074
1927
4908
2446
6750
7248
8650
6505
9672
9862
4045
2533
3225
538
2667
8698
5779
8896
4186
4527
9509
8880
3062
5716
7581
3991
4845
7549
8530
9989
1450
3956
1916
2710
6403
8667
9959
1405
5172
5983
7619
5570
8516
844
6108
1183
9542
1888
6432
80
6415
5941
8960
5830
8010
2893
9821
2855
6795
8351
2844
8245
2307
1113
956
5062
9780
7267
6467
1304
3250
4086
6874
1766
4930
9335
9301
824
7575
5733
904
342
8027
6217
6172
2389
5462
5993
5244
2257
696
4440
503
9356
5553
1459
4418
1685
8726
7238
9342
8328
7676
6216
94
8959
1903
5747
9783
9478
7833
7040
9821
2212
3257
5993
4601
5071
8339
9845
7329
9035
637
7832
8391
6191
5643
2810
4228
721
6400
3570
9049
4076
6139
5495
3035
8042
1242
2819
7521
9075
6211
3694
1287
5820
6039
2240
891
4378
8437
8220
3414
9075
2404
8157
1618
8047
7319
5846
8768
3719
9417
7817
7796
1908
3312
831
9950
907
2
3823
6334
2565
3869
3974
8385
9909
6214
9277
4287
4652
3849
4053
79
6254
2211
1697
653
9530
7543
5774
3250
3312
9943
7398
5220
9608
4581
1523
515
936
1698
6849
3501
5568
7175
8239
5477
3390
3868
9764
4394
7717
170
4473
323
2381
6170
977
8263
65
3103
7865
9730
3046
5263
1302
2654
9845
2825
9521
7133
4524
6371
634
92
9898
8873
1921
9640
2741
8037
4034
6811
8207
4859
7134
588
1029
4463
5204
7447
3918
3069
7177
6965
8333
8479
9619
4530
7657
9141
1663
2181
1864
8649
8625
1762
7523
546
1403
6616
8583
1789
9779
3143
6649
3266
83
4030
4081
5287
1477
8000
8357
5006
4965
3042
9838
936
7572
7495
6429
5587
6028
8293
4236
1005
6408
8111
7903
4163
4728
6486
2304
859
9629
8953
4125
9713
9336
8207
1352
813
6207
9709
2172
1172
2751
8362
8460
6675
2209
4890
2262
4589
9535
6499
5594
5943
4610
3497
6458
5690
6335
5115
6550
2317
4068
7027
8382
3404
5234
9734
570
1441
5796
9094
8965
8547
7456
7426
1575
6017
8668
3837
606
8203
6688
6200
499
1299
6049
6957
3341
2384
2072
6243
4701
2493
3271
3083
2249
8505
2818
9171
6299
4966
8265
1616
3513
2073
9042
1440
8090
4062
5278
5048
2266
8318
7600
2765
9617
3649
6074
9311
6034
4499
5554
7087
6992
8825
6523
5593
7331
5693
4765
9982
659
9382
1598
4172
7808
6993
1965
2250
1055
7243
7299
3321
1913
4899
2438
7883
4901
8513
7194
935
3012
2748
4374
6356
7926
897
8301
1609
6590
9418
1591
7249
8801
3189
7774
6609
182
9739
8859
1238
3334
2510
911
5247
3762
3350
3130
8663
8215
6676
5950
7579
5777
324
287
3703
1222
8588
5312
4164
8007
6903
7766
3160
6444
5540
9769
6627
1631
4980
4217
1317
3843
1480
2916
7605
4830
2399
6268
9397
9075
2218
6976
4852
2542
7263
8555
116
2204
219
633
211
7122
8399
3371
3567
291
9492
6546
1922
824
763
9591
4667
2243
2507
8624
3426
4906
4892
2823
3982
7110
6152
5186
6005
3415
94
2473
1971
313
3106
2182
7436
7857
1905
7355
8148
7749
3901
6422
4926
1016
6013
9593
9611
4873
4570
3037
9779
9462
2213
113
2925
4717
1652
5282
4484
1746
7755
6456
2059
7214
4990
5847
5071
6896
3202
9572
997
7103
5994
5923
4471
8360
1869
4083
3233
6439
3472
9364
5901
2037
5830
5178
6754
7482
460
1239
9228
4568
4047
7639
1782
9037
3487
3205
2285
6689
2777
3283
145
8772
5558
4616
3484
7427
5051
6717
3866
8524
6081
6120
561
8263
7650
7316
5745
8111
4907
1325
2679
8954
5317
813
7991
8804
4018
6629
1845
6796
9912
1990
1920
5470
2959
5404
9250
8010
8473
9468
6534
906
1940
3448
9170
9591
7116
1267
4054
2023
8945
3085
7329
4262
3898
5320
3066
4268
1949
4911
7416
8213
3254
9336
36
2565
1092
9286
6927
9565
8754
9814
6824
695
3262
5994
6638
378
3613
692
2401
2558
3777
9730
6820
7675
1402
9886
1943
9704
1150
9360
4269
756
5048
4305
3321
2493
9943
248
8410
8698
62
5234
5745
9676
7580
2383
54
1194
3075
8807
3752
3204
4889
573
879
2644
6811
9174
2348
7961
4886
2969
5069
6287
7275
8390
8780
7218
4991
3542
2268
1405
8777
4365
1082
2709
3100
7488
3903
6175
6296
7656
5731
1185
4581
6610
3829
1392
2137
2529
5706
3375
5499
775
9662
9126
5518
4794
2696
6861
4689
1317
8266
9818
5682
5700
2527
5135
3189
6431
7662
5837
439
3394
3374
5020
6356
3556
2764
8493
2437
8470
8221
4288
5598
4235
3414
1116
5382
2463
7977
71
132
2595
9889
2166
8296
2416
7301
7837
5199
4964
3674
5638
8358
3400
658
4714
6956
3423
9560
9394
8245
7781
3682
3843
8368
3449
1311
3750
2264
9288
3821
2396
1884
62
914
6532
2479
8216
4369
7678
9532
4395
9669
7890
7795
327
8956
1104
102
8516
6850
4700
2649
532
8543
7370
333
9855
1120
8949
5495
1294
7697
3731
1356
8612
6615
187
6828
7336
4218
6360
1731
3887
602
5879
566
9558
3335
669
4427
185
1721
3428
7069
264
798
3755
6471
8271
2704
8319
9565
402
8402
7273
9014
5018
7461
2194
2354
8031
4906
438
1918
5508
2669
2484
1418
6004
9505
2197
2541
1226
5626
9610
7843
2776
3365
666
1047
6070
5337
6964
2824
3740
4238
1838
8758
8051
384
7464
6082
5290
7902
8000
7150
6923
6836
4920
2927
2694
7118
1820
272
9096
1431
4467
8224
1148
5134
9272
3570
6823
2588
6394
563
6826
8232
5673
4877
4968
3138
959
258
7392
5311
3760
4316
2148
8681
3595
4842
2151
5416
5114
1247
3199
9582
9471
4347
1068
5095
7918
7891
7684
4312
4807
862
8897
480
5740
3865
3618
3051
476
7363
8363
588
1679
6863
9269
1626
1705
7772
7042
3171
9019
241
9105
4843
941
6525
6290
8859
769
326
9523
5576
1189
4772
6056
3281
4990
6027
6332
1818
9742
1047
2406
1421
7910
8028
3047
5967
5800
6442
5491
4820
3035
4596
6015
3976
7474
2305
9187
8243
2632
5063
3819
173
9835
6227
3454
4825
8606
6138
6643
8348
7186
5402
6121
1448
3430
9169
7416
9230
1963
2907
4050
4998
3855
6417
5327
1329
5075
866
9572
4059
5929
9743
4232
2117
5971
4038
3294
929
176
6290
9278
3714
1692
5399
5163
5122
920
2579
4352
2883
5486
4755
4234
5693
1172
5913
7023
2599
6779
2947
6658
9061
2691
890
1178
5014
4928
4472
5943
1457
7114
5221
5171
8806
6973
334
3928
7893
9265
4633
7129
1103
5740
1363
6797
6912
7276
3820
9512
407
6767
2522
9468
5810
3413
6998
824
4693
7823
6768
6150
4937
8341
7674
3744
5314
4360
4024
3208
3626
5009
337
4729
749
8052
1526
4014
1680
1698
9878
2087
4818
2400
7908
628
5813
1258
1453
6859
9081
4573
9361
371
2914
7035
467
8229
1396
843
7789
1374
5853
4478
6103
6602
8882
3982
616
562
2032
6846
9001
6850
9247
3261
7479
1412
4520
5284
8271
9953
9857
3985
324
9123
1020
7143
7352
8768
7987
1493
142
3840
2323
2598
6794
1205
2932
3763
8119
4964
609
7121
8167
6208
6734
5646
7621
7606
7282
2244
7560
7139
6229
4236
6262
3602
1380
9967
8722
9367
7812
5217
9559
136
4167
2705
1341
7099
6468
9461
8415
3430
2934
6582
9638
9668
8580
3611
7275
5862
5856
1187
9353
8437
5423
1968
8391
3155
8287
3466
8874
6099
8683
4785
6235
2850
7491
3929
6301
311
3390
4716
3741
2676
1299
9732
8696
6231
3343
2323
2094
5551
3510
7799
341
5286
9767
5084
4793
8054
8550
3668
506
3585
4805
6741
2787
2296
7022
9088
8960
6764
157
2701
9440
7808
8785
8137
4039
2129
6812
6133
4032
323
3933
725
1961
52
5810
6754
4459
712
6774
4965
4298
1580
8058
7085
228
5081
2526
9188
1845
2683
8242
7638
491
7027
2127
882
5508
8939
7016
5893
5614
7301
6618
7575
3705
2428
4330
8164
3141
7456
3129
3791
9036
7540
876
9265
2621
3402
4805
818
2437
3047
4808
9280
6427
6935
163
1935
2227
3531
4180
7841
7184
799
1769
889
9579
2451
9054
9072
9907
8535
2863
5296
6075
92
4561
5048
9846
5718
2219
8636
8766
7027
7916
1545
315
8079
9832
2542
1610
4013
6735
5146
4812
4856
6036
743
7307
1442
9816
7215
6329
9031
2511
8757
5475
3424
3805
5322
9142
6024
3958
4260
9404
8226
5805
9719
6306
5638
8613
4268
9651
1700
9415
815
6557
1803
7910
3864
9597
7726
7431
5926
3110
6294
4683
8585
6070
4841
259
1565
7217
569
5825
6621
5148
7983
6340
1454
9973
1305
2074
5976
3006
7841
3143
9563
9644
1053
9779
9241
8780
7211
1520
8242
9857
6203
3179
5928
7396
9791
7493
4614
360
9670
1235
5508
4005
3928
3314
3978
5233
1741
9954
4591
9582
3097
4154
5579
4151
3934
1172
9283
7497
2692
3877
7354
5248
7056
9634
2644
6847
3479
3610
3560
9502
1198
5420
3507
5126
5087
7486
6711
6828
3792
1303
2762
3242
1809
8341
3745
5743
5866
9380
9592
8558
3257
3299
3806
6665
2933
2803
3513
2765
6413
3425
2267
3963
5197
5774
9089
284
9612
2153
3464
3405
9808
2579
2999
1617
920
6744
3713
6786
6124
3305
1697
5733
2956
1855
2398
5890
4658
2263
8655
7424
5688
7274
1387
886
3048
6829
7522
2661
5334
987
2418
5142
3566
1769
3111
838
8513
3176
3977
989
2834
2026
3074
5790
3881
5472
8032
8540
7736
3039
2316
9776
313
3703
7014
3362
6884
4537
2375
2218
1876
1145
7360
1794
2914
6824
8984
7779
0
9313
8768
2834
1339
8194
4977
5221
3666
3009
113
7754
6049
2429
3883
6362
2484
897
6076
9369
1786
8451
1587
14
5948
5300
1808
8862
8476
7145
6641
8476
6458
1761
7663
4150
9955
2640
5723
9974
5649
5836
4080
8050
4617
7963
4413
3453
5213
6841
2822
6999
1645
762
7014
7593
2414
5174
6456
890
2319
3097
5718
5130
4859
3381
9280
1166
2373
1355
1140
4375
7191
5221
2425
8160
3184
3190
1613
8397
32
4436
1749
1677
1550
8763
9270
3964
289
5726
4854
8961
5176
572
4091
6387
306
9723
7553
2679
1078
8694
7054
4621
3915
5832
2781
3451
9022
746
8201
9054
5182
9950
7083
3084
8713
6354
7048
5354
8432
1902
4315
3608
8827
8406
9995
9133
4481
3901
8164
5559
2595
5219
6532
2862
1051
9313
6313
6425
60
4514
5480
1594
4464
2563
4679
9529
5269
8079
1236
3702
9982
5551
3662
5161
310
10
4294
4791
3911
2458
6703
2858
4029
3235
5720
1432
8901
8385
7858
5313
2900
9690
3259
3716
8605
4290
9598
3875
2370
834
3929
8704
2737
7591
3865
3047
7601
4511
7839
7864
3321
894
722
3703
4129
6442
5135
9382
4828
9345
1047
4080
9035
4307
4148
3993
8597
98
7868
7319
7284
1797
2375
22
5740
2592
3069
9694
7103
7260
7558
6777
4506
4633
480
4988
1075
5615
4370
2255
1313
5418
2687
6700
6077
3188
693
1026
3286
8561
8346
571
6710
721
6945
2451
3314
6366
8497
6769
9979
6055
3546
4485
688
4026
9473
8116
5994
196
6723
7307
5614
9411
4007
8043
8951
4701
9069
2237
9614
3767
2808
2677
4489
6105
5128
4155
2472
9977
7276
2451
6032
823
6936
3073
1201
2762
7541
7195
2958
4264
854
4924
27
1214
2967
8978
5915
2036
7568
1881
5804
6728
4558
6645
2834
6038
7152
5306
6015
4428
7757
8400
1603
1045
1473
2805
3807
5366
6352
6765
5982
7207
8041
6010
8421
1008
1340
688
9397
8908
8921
1553
5637
3480
8198
8471
5870
1702
129
8238
6130
4238
6638
7734
5283
4463
6891
9091
9829
3243
2208
5811
450
250
8173
5223
7610
9514
5911
7007
4774
1185
8560
6763
4665
3110
5234
6887
4812
1715
5125
7295
5953
1763
1381
1237
2578
8272
6680
8759
1515
5240
923
8318
5490
9096
3541
3101
4962
5805
6460
9737
6990
5021
2852
8007
4483
8087
4894
5648
6154
6372
2943
2108
4487
4324
9697
7066
8948
6377
5825
463
1617
3100
5133
3460
2197
5027
2913
3511
832
9373
9600
4174
746
2453
2181
1582
6892
3427
7230
3046
9799
173
5154
639
849
4851
7705
9797
7580
9882
6612
5550
2983
1746
5362
1532
6773
8275
5043
3957
4000
4644
8131
1099
7097
6664
2681
3989
91
9911
7035
6243
6436
8542
6882
7285
9745
939
3434
7326
821
46
2876
156
1792
8238
1688
4917
2865
3084
8874
3217
7728
3357
4316
1177
21
3349
1518
6465
9612
8553
9060
6048
3447
5942
9685
3193
6881
3119
519
4054
9518
9747
563
7662
4337
8603
2580
3554
1687
7806
6771
5767
7516
1088
3296
7537
789
4814
354
402
9720
9414
6450
3167
1708
2488
2712
4941
1959
3231
5348
1477
9330
5911
9140
19
866
1720
3573
8906
5878
345
1025
3394
7785
4322
7284
8574
5488
7638
8976
5208
3405
1779
4728
5113
4267
7440
55
6226
7024
5403
7704
6354
7666
6844
2726
8532
4916
6299
7438
794
6644
8464
541
4429
9138
7825
3004
4626
1815
8332
9835
5220
111
915
334
730
8355
6741
3309
5379
2144
7365
8086
9810
561
812
4694
1829
3463
2133
8975
108
6949
9516
889
6087
3693
245
7065
5509
8578
3252
7081
5041
4167
7415
2124
8875
508
1785
606
2652
5502
5044
8814
2415
2208
3509
4244
5672
1994
3219
5780
5295
9088
3021
7734
9133
3267
4799
4642
8197
8052
1724
9590
8571
5491
8066
7446
6000
9851
8053
5004
1705
9449
3819
4120
1658
3680
8364
7330
2026
7936
9462
7321
3376
2483
1407
2509
2102
6206
7152
6651
610
5228
6242
5534
7071
660
9332
3071
6864
3737
4428
8569
3187
4599
2690
4845
4631
7406
2175
6657
5342
7989
330
8718
472
8089
1228
8927
4295
4732
5578
1258
6312
8172
3144
3383
8833
2476
2807
5697
6214
7235
618
9401
1834
3308
598
2817
715
9125
9474
2409
7114
6156
7480
3938
4245
8708
9217
4892
9792
4796
2502
6104
9320
5646
5839
4505
4475
8646
202
689
2233
821
6442
419
481
3392
3236
7548
2517
9062
9958
5983
5218
7438
9921
5815
2498
9139
708
2290
287
9562
4746
9607
5209
585
4113
6036
5584
667
6725
7817
7840
9519
4589
8322
9263
7825
2222
1780
3240
2180
7763
8458
5970
4036
626
8468
9527
7686
7110
9814
7248
1856
5774
8809
8794
6239
4845
730
6906
7922
4899
1099
7441
9488
9421
3056
3666
7995
4836
6906
176
8951
1716
6146
9340
2342
967
8867
28
8077
8682
3629
6286
808
2438
1432
7047
7284
2162
3953
5206
7061
5052
9000
2902
825
2056
2920
8821
3245
9826
5349
8548
7894
7847
7888
6589
8814
6756
2969
6892
1790
6598
9530
2598
9037
962
9645
2673
9476
3598
7879
2889
5003
3231
5791
2180
1640
5063
7353
4885
1241
2702
9785
9136
550
7674
2077
9364
4430
5046
2608
6220
1645
8490
8818
7034
5804
4815
6059
5280
4765
290
8170
9768
3522
313
8301
1514
5377
5654
2751
6618
8357
2536
5754
5259
210
7831
975
992
9230
9936
7212
7227
8426
2382
613
4231
7197
6672
9511
1963
6962
4033
8083
6836
4347
6384
8350
9724
2039
1101
2694
6748
3638
4801
2007
3848
8984
2982
4841
8214
2918
8405
5441
7697
7140
2406
1928
689
9078
7791
9004
6041
1825
3440
9229
2524
9824
7580
2248
8215
5033
4942
1315
8671
6095
3322
8872
5080
2657
65
3294
1927
4822
5088
9624
8314
7494
7904
9004
6573
5696
4360
8966
3873
7800
4547
6397
3977
2127
4997
8544
3513
6291
9860
2184
2387
3182
7408
7467
2191
3825
7113
4119
8648
2201
3743
3314
9696
8000
8670
2621
3696
3031
7939
3921
7183
2486
6670
1160
966
1667
9705
4479
7958
9565
3015
6697
9099
6776
4164
1291
601
1278
5410
5601
9831
5505
8916
5879
3505
3938
8500
3553
6969
2791
3826
4153
5278
496
1665
2596
2163
1370
7075
6474
7287
6442
3171
2739
3218
3688
4030
172
1318
5792
2125
1149
7649
7393
7029
1155
1332
1881
1060
8301
4673
4887
8806
6303
5383
472
8899
3899
8194
2326
6725
1834
5120
6248
4573
4691
9936
8603
4863
7606
747
6988
5108
8396
734
2137
5903
2066
370
6964
6719
1395
1851
5526
7698
3586
2350
2949
7485
544
1627
4210
2378
6748
459
6951
1439
6747
1906
2654
4354
9005
5994
9462
7402
6728
7951
3305
8794
8321
6621
5514
6069
4824
7392
119
8411
9742
9421
5896
286
1048
6459
9017
4148
6918
5968
1939
3665
4227
4593
4371
3232
6940
3833
6986
3668
8136
6644
2463
2810
3265
4329
8879
8090
1721
8998
2853
1463
8419
8749
8101
5820
1560
7118
9968
8478
9439
8260
8496
3666
9205
9219
3250
6145
9405
237
9814
7541
6881
8629
351
6498
2958
9230
940
1031
4581
3793
2494
9352
8895
6947
5172
455
4066
1493
5286
3505
6105
3782
3523
5310
3001
6773
1456
8758
3362
1270
6300
6595
6251
6651
3094
9209
2234
386
240
3167
4180
9086
2519
3075
2385
4044
9882
6451
5537
5168
6308
1642
5302
6183
3304
8304
9309
4760
7062
2671
2382
9714
9267
8633
2718
8713
4194
1304
9099
786
4471
9631
6224
3342
9058
8610
7386
8941
1413
9275
4109
4074
7269
9412
257
574
4068
9566
1686
7482
8590
4069
3549
4209
9054
6267
2922
3249
7571
8373
4035
2042
4357
260
5384
3415
5222
9123
8708
6635
8398
9170
709
5668
4934
7319
2594
9002
3237
4280
2836
1827
4701
6385
6036
3756
2652
5310
7005
6575
36
7392
4969
4393
4004
6706
4160
5578
5829
2869
2214
579
8391
9275
2599
3325
6594
5193
2327
9832
5826
1515
8011
527
4253
400
4283
3257
2062
7640
9833
2098
1385
4802
2843
5389
7860
3356
968
3689
2577
9534
621
968
8809
3220
4293
1756
8414
2972
7940
592
4487
2303
1119
5092
2703
5403
8350
1118
9395
8183
3216
780
9337
2412
2522
7198
5768
9842
7239
4697
9376
7860
5665
4537
7433
9958
2645
5847
9282
585
6439
3769
9241
3910
8862
1944
5665
3564
3062
5061
1747
2631
5841
7436
1395
4715
986
3515
4557
4578
8212
285
2438
3877
1175
9871
187
3820
2070
9469
758
4861
9590
9999
8772
4804
8295
4437
8368
7710
5850
6467
341
8044
256
8088
2759
1242
1603
3669
5820
6167
3954
4611
44
5129
834
6583
5302
9257
6052
6060
4118
5642
6059
9242
6799
706
32
5167
8416
5882
7987
5109
278
8243
3197
3038
9485
1152
6707
1658
7319
7013
6269
3715
2143
7103
298
3797
2712
2702
9857
6831
4697
2268
2425
1496
2974
8809
6663
1391
1044
4650
6500
1322
2893
6050
4360
8731
7202
7419
389
874
785
3010
4589
9280
6465
1240
3077
9178
3942
2934
2361
8639
5202
4786
135
4528
3596
3151
2271
4640
4153
5124
5962
3399
1174
6675
2130
4728
446
8871
5602
1231
8233
6544
6863
4698
7784
9940
3876
1726
2874
6237
366
4428
7376
6853
5309
972
4
7580
1964
510
2704
4278
3909
230
7305
2391
4959
7752
7614
6913
5335
5847
3457
2199
545
1241
2139
774
9320
1366
3363
9686
2146
739
2891
3807
8063
9248
1388
6379
9758
444
658
19
675
7963
2410
1986
2067
6376
5251
7403
8575
8709
5954
5472
6302
4445
6246
5622
5811
5962
1660
4310
3053
904
8117
7469
152
5857
3848
9910
6302
858
9929
3329
8822
8691
5315
7241
1419
566
4644
9994
5627
6950
5466
8282
1396
1713
256
3559
4027
1917
7869
7080
2821
2339
4549
2973
8196
4750
9235
850
5608
5516
4179
4430
4207
5846
8024
5626
2765
2668
5620
8392
5971
7438
6674
7367
5503
6931
926
9530
5200
5148
6611
4373
7487
7512
3698
2035
2262
2933
2886
7871
4801
3417
8653
9008
9264
6677
986
8381
5698
2958
6773
1669
396
9800
5388
5900
3083
2666
5430
4635
7814
8393
9008
1653
2258
9058
3689
872
8343
2927
5095
3144
2696
3749
8504
1960
6778
9490
341
8828
2448
3467
6849
9196
9619
2237
1448
2702
4904
3231
7337
9070
1624
2697
724
234
1755
765
1107
6450
44
6202
9594
2740
6303
8098
1053
9434
7588
7746
8262
6388
1213
1464
1936
7184
3701
3385
9886
4957
6616
3575
380
4592
2624
7456
1179
731
8221
2286
7181
8265
4840
6775
1005
1144
1225
8410
578
5165
6157
5192
7905
3722
6656
9842
907
6710
9579
7145
8019
2547
7073
8399
7139
9697
5855
8318
429
428
6956
3962
8693
1797
7090
6051
9293
8315
813
6223
3481
6970
1415
7738
693
4424
7580
7952
1134
3511
5097
5505
6058
2170
257
9550
8220
2464
4220
8649
2893
1177
8963
7938
9326
6053
341
4971
4369
1155
1194
4202
8125
8961
1940
5170
3385
5873
3122
871
5736
4572
6377
1795
6742
2986
7697
4962
5450
1917
9963
8343
9446
8927
6282
5124
4980
2975
95
5701
4130
7641
6255
8608
6603
8196
3778
9988
421
3253
7212
6157
7825
9941
4304
919
2927
2001
5882
8377
271
2197
6721
9717
7476
9355
1194
2457
2330
1289
4510
2813
8931
766
1421
5534
5314
1551
1874
2087
1156
9086
8244
8981
5379
8901
6253
8306
902
8487
6684
7525
684
3405
7243
8161
9112
4789
6970
7794
6078
7832
607
1361
8598
8380
3247
264
6284
5122
2351
7440
560
6948
2774
5940
5849
9027
4246
3103
7514
7282
629
8198
7039
4224
2711
6151
9013
6033
3946
1443
3866
905
2805
2464
9286
6052
2729
5570
7526
1432
9362
8087
8380
2136
379
4229
1163
977
7333
5029
8260
4314
9580
5299
8538
2291
7803
3903
8325
8101
5346
2191
9006
8151
1007
4644
4204
88
6566
1730
1521
5929
6169
9901
4417
2900
483
1933
3878
4168
6962
8490
4834
6542
141
3372
8834
7944
3627
3511
6045
8973
5702
1404
3477
3061
6048
4033
3150
8967
2115
1023
1248
8285
7276
5665
7537
7759
7598
7767
8279
4561
6257
3113
1103
2751
2837
6289
695
6464
9800
3093
1790
1854
849
5267
1268
3249
5652
4418
2216
7767
1793
3464
2404
9069
5482
9942
3181
3080
7709
1460
3993
319
926
5097
3070
3763
7738
117
6580
3891
3210
8370
5745
411
9989
7013
3661
5641
7783
5877
9760
9576
5694
2165
4998
1176
8459
8179
608
6168
5991
4602
2839
6917
9699
5909
681
3789
6027
7261
7680
5589
1983
3426
6001
8324
6791
9662
3965
927
1891
3725
503
3937
2242
1853
5113
701
32
5722
3222
6024
324
6061
2941
6375
8323
9974
6516
702
3587
4197
6291
5570
3975
8644
246
766
4658
4211
8045
6550
4289
4901
487
2883
6754
1953
3585
6787
4027
3159
9163
703
9220
2104
3430
7543
8431
9946
8245
2018
4143
889
3941
8118
5885
4187
5237
544
4751
9634
3446
5392
4535
285
8275
1290
2238
8212
4429
6265
1371
3592
3320
6944
5696
6750
4487
4127
6697
9085
2498
840
6326
6439
5311
2211
6978
6900
2755
1729
6534
6201
7121
7422
2839
1749
8712
5077
9961
3141
7695
7685
6733
1015
4629
8781
4118
5468
9261
815
905
1759
8007
7231
4550
9670
5795
1528
2922
4902
3258
9457
7456
6731
6879
295
8480
1943
5372
4794
5084
9419
2479
8169
6787
3460
3302
905
8928
2563
1720
9834
674
6079
3417
5224
5750
5564
6753
8672
467
6363
4481
7923
3094
7712
8218
7927
9655
9942
9073
1091
5714
7904
5612
2501
1364
8915
3406
6644
1478
1478
2830
2153
3909
2600
3729
6011
8164
6834
1036
8631
3197
5517
6554
2644
9582
1124
6923
5589
1067
5996
6681
6781
3900
8645
5634
1616
7560
5392
4612
5391
6870
7443
7544
7131
43
7625
3143
8207
4460
4179
3191
7657
6048
9745
6653
1982
7222
3576
7572
8289
9572
605
1422
9824
9250
7056
7792
6811
2448
2405
2202
5670
6200
6098
2801
6243
75
2296
802
4535
2827
3993
8545
5228
91
5198
7210
7313
8775
1134
1954
4699
1739
3376
4524
7342
6784
2316
505
9232
1073
9059
1254
7273
5157
407
3516
1584
9056
671
6120
1883
1016
4665
7111
1107
6215
674
4772
4990
1808
6726
9690
9900
6454
566
7242
3238
2882
7747
8822
308
6806
6428
7581
8315
6836
7450
9899
5892
8121
2371
4127
9137
7036
7591
6597
9604
8265
7721
4594
6425
800
636
6325
7254
1202
9919
6845
437
7666
5667
745
824
2096
8326
9139
5284
5776
5391
1176
249
7762
1655
5739
1151
9246
8688
755
3863
6409
1701
289
7209
2338
2966
4464
9892
9238
7661
329
6904
3328
7426
4081
1776
5753
9572
3412
7881
4963
940
4483
9078
2596
222
229
1842
8910
7336
2058
5319
9037
2347
8881
7727
1665
9697
7620
903
7358
4301
4160
7038
1728
4593
5167
3833
4165
8579
1714
9129
9520
6197
4559
2116
2771
4788
310
1681
8476
2368
3353
7513
1067
8586
1593
9085
8283
9213
9988
1993
3514
500
9031
5242
5093
4198
9075
9259
2778
7142
4740
8650
9691
5651
766
2463
6791
7428
496
5267
9797
201
9132
7216
5139
725
6301
3422
6290
2642
5415
9805
3142
799
1399
4588
4997
6827
199
4127
3969
1291
2777
12
6942
9895
8827
3733
7324
9324
9000
3473
5877
8132
689
1017
5210
6991
791
1500
9633
2559
7657
9127
3358
9057
3715
4707
2236
3914
8835
2557
5205
7964
2569
2147
7860
1397
5880
1536
7073
1232
5009
9302
5717
2050
319
927
9041
7463
2427
5026
22
85
506
9732
5494
4221
4439
7730
4488
9626
287
9693
7591
9208
8193
1803
6957
425
9691
4030
1658
4700
3333
7375
3102
4
4654
2144
7467
7081
3522
3841
3518
4028
3573
5364
4602
4365
9446
9090
3991
6085
5135
7934
5294
3328
6089
2251
3754
5780
2634
5412
6832
5967
9139
9935
2323
3793
8431
6143
7226
1953
6336
7097
2334
6262
2461
3288
627
1908
2378
970
7993
7513
5257
3287
842
1346
1891
948
7127
4525
2712
3959
6844
1851
246
5519
1996
8677
1662
5574
6983
4351
2671
9317
613
5133
8957
1240
7041
1335
8562
1386
5200
3819
1026
2394
5166
2917
3342
8645
3794
6054
8956
638
4257
9203
2509
2605
7880
4172
8180
4863
8523
851
532
9136
5984
9489
6728
9377
7176
5290
764
2377
9110
1790
4771
628
1059
4466
9273
4853
6872
8229
1843
7482
3784
4352
87
1665
4876
4619
2880
3399
5471
9765
8887
7807
5606
1967
3537
2783
3610
4301
1512
2720
2443
2635
3348
9854
7101
8973
4707
326
7202
6550
7808
7339
7254
7895
9004
2131
2515
8236
1882
4338
4353
7122
8497
9960
9089
2034
9095
2699
2687
6959
1771
5130
9594
1471
4984
3048
444
6043
3374
3999
8945
1182
1338
6200
5429
6694
4683
4296
1282
6565
4986
5636
3687
3484
1948
9129
5518
1043
8180
8206
8002
6304
9688
3948
7775
1025
6996
8220
3420
370
8571
2366
7904
6261
4918
9686
2955
9601
3982
589
2518
8969
6225
2558
2453
4525
8039
4323
5568
6219
8881
9922
2523
8570
3871
299
5947
7219
4871
9367
3942
9794
8085
1846
6055
9355
1532
5362
8956
1867
5951
7827
836
8529
385
9641
3054
8424
316
4975
995
9198
4897
3519
4120
5120
170
6419
2340
1393
2138
6282
1187
224
4480
3594
9579
2365
5308
4888
4232
1259
2715
1420
6140
3100
1061
9195
7876
7729
4170
8871
6927
5419
2390
7399
540
8912
3818
9232
6657
5957
1866
7844
2533
6346
7790
2112
8711
3098
3352
2943
710
6067
715
6850
5519
8128
2397
3395
5858
2919
2267
9137
8339
1009
6537
5231
9922
6707
4463
6579
2664
2681
776
1549
9027
4918
14
4091
8017
3366
3386
5079
9434
4102
1929
1305
2230
4327
4701
4440
7246
3320
3578
1937
4329
115
7168
603
3174
7983
3535
2191
7016
663
3740
6044
5581
3754
6487
9950
7121
9873
5029
2907
327
3311
4212
2558
7638
5265
6998
1236
8585
576
9526
2915
7043
3046
9870
218
7382
3405
8761
4398
4068
2501
6794
6002
2608
3281
5952
9729
3155
982
8988
3482
645
9552
2392
4635
4818
5743
5871
9755
2671
1749
2670
6067
4796
8893
2637
2178
2298
1398
6576
2719
3899
3371
8721
6507
3004
4673
2588
2511
2007
7928
2346
2652
7481
4738
7287
8651
6833
9511
8406
9505
1260
7429
5572
6056
6322
8209
4586
4972
9607
1163
7691
9858
886
6412
2718
3890
7438
1658
2754
5797
9587
5100
8450
3420
6190
2089
8423
3024
1600
3181
2529
9213
610
4453
5269
3284
2662
6208
8257
8621
7371
2300
8479
4609
5065
7549
4851
2503
9208
7605
4652
5147
9057
3102
4919
5248
1544
9694
8272
3144
2875
7153
8709
9838
1606
3979
3122
4268
187
7731
9241
3910
32
7720
4871
5097
1622
6074
3952
830
3680
4956
2329
9089
8059
7248
4337
5955
6942
2609
9099
6169
6114
4161
6007
7720
8140
9130
8340
4679
6861
7581
4941
3245
1654
6164
4694
3276
2238
4998
458
2270
9955
2787
1360
4366
6387
5697
321
3329
4659
5772
9498
773
9933
5506
8494
4425
988
3186
5456
4201
768
397
7447
8774
2913
2141
2050
5152
7140
8860
7422
7095
1647
5134
1461
8034
832
8134
7715
1843
3906
3565
2616
3840
5423
7462
8265
6411
649
3722
613
7769
471
8060
6543
3385
6553
4945
4889
45
3805
8663
7140
1804
3798
4953
9838
4630
3087
3905
6473
3346
7470
5441
7186
9246
2904
1803
5657
9905
1877
2622
4026
2349
7034
569
2086
3588
1866
3327
3633
2023
1990
7126
3827
5788
8431
17
6770
7871
274
9595
1217
7744
5037
4755
6990
4293
6558
9000
550
8436
1622
4576
7137
5009
1497
5575
8597
9715
5254
8582
1738
7244
5708
1917
9385
4140
1934
6155
8363
2208
2103
9580
6304
3492
4335
9647
4137
7245
4999
4687
2033
2973
5615
5522
7982
7112
1097
6579
6827
6351
1514
4917
9948
7222
6834
9333
7714
5120
1840
6077
3680
295
2009
6336
3787
2696
5983
7924
9942
982
8963
1975
308
4578
7498
8290
8042
4947
1222
1221
7651
2736
2490
3951
9958
9324
9636
4025
796
7828
6454
4476
8124
8464
813
1911
1160
3148
6188
7454
483
1503
9430
791
6082
3280
9081
476
4579
303
8050
8582
3039
540
2533
9350
6217
2169
9727
7013
6350
6181
1490
4474
997
2303
6385
8510
5451
8925
5964
5934
429
1746
3077
2863
5026
2159
9691
5958
8814
7741
4540
8206
4634
3426
7556
851
1947
3635
7864
8297
9816
9354
2771
7166
8009
5509
5676
9813
786
1640
2099
1215
3387
5177
430
4765
7336
122
723
2502
4215
1616
708
8849
5042
4616
9700
3341
8251
7565
1639
4420
6919
762
1586
1281
6271
7262
1094
3410
5254
3193
4625
8641
8370
1408
9759
2058
1530
482
4561
5745
8450
5269
4595
9844
9886
647
3186
4489
8212
4825
8909
1484
1939
495
2765
4563
4109
3859
7973
5716
3404
8950
4357
1775
358
468
3833
8240
951
8394
3986
5753
16
4933
5598
6254
1932
8784
743
145
9961
9653
7981
1900
6500
746
6463
6962
957
788
2678
4361
9739
3387
2488
6449
3856
6322
4690
1159
1068
8676
6912
7436
9961
2510
3690
1893
1294
4434
8390
1255
439
6371
9508
3291
3469
2323
253
778
3112
9283
5140
9203
2671
7628
5652
2879
302
342
4038
7723
5370
950
5159
1683
9813
5202
3577
1107
9636
8319
8715
6427
4691
4575
9718
4512
3250
9972
5291
2714
9255
6783
1917
8278
763
3922
1157
7418
4264
1547
5141
5987
2498
6652
7670
8663
1854
7599
6122
7842
5919
1189
4269
6962
5764
3988
7826
9015
312
3117
1729
5919
9900
9999
4198
7016
3921
1707
4434
4537
3255
9575
524
2105
2579
8195
768
4434
2146
6890
2276
8065
8080
2898
1379
196
6886
9206
5563
3550
8675
3645
9469
8576
3644
3667
1944
7565
1727
6378
8454
4982
2305
8979
7087
4884
3526
7855
5670
5672
1097
4299
3738
9177
7197
1469
5726
435
675
1289
3985
9351
4934
3454
4279
8578
3474
6223
2495
5201
8953
950
183
1258
6281
7270
2494
9807
1477
4517
5479
2574
8816
5569
8104
6013
3391
3830
6448
418
5119
433
9769
6406
239
400
4984
3713
2975
3832
8914
1928
1134
5449
9538
7415
2719
8385
3574
548
2902
5405
9475
1718
7327
7579
4083
718
7761
531
1136
2880
7316
7258
9286
7555
4010
623
1269
6986
807
6535
5266
1941
1985
1157
5708
1056
5894
9282
1605
8796
4687
7432
6866
8366
5011
7301
9084
2772
7832
6573
2004
1500
3831
7643
5407
4193
8266
6676
7531
9073
9564
2798
7366
1549
307
3074
8957
6201
2356
6914
1349
3395
4346
4567
1762
5709
1868
7198
8481
6052
3771
6838
7552
3954
4481
2959
4500
9099
5988
2031
4524
1904
4829
1890
9805
1488
4964
8762
4041
3672
2029
1742
3419
6375
6309
1533
2085
8177
5084
6918
581
5207
108
4485
5514
4589
7445
14
40
9785
2045
4564
1689
3227
2806
1494
4715
4122
6608
5109
7794
8637
6851
7566
1365
3161
5451
9802
7690
535
6720
8272
2095
6829
9109
7609
7770
6554
7623
7811
2691
6020
8727
732
9247
1534
8578
315
5656
1539
5424
9803
176
2275
3721
1541
1788
9172
7695
9479
6060
4416
4103
8155
7597
3212
2116
1719
6119
9739
5882
5162
2111
4610
2247
1359
2496
825
1674
4504
2364
3450
4307
8893
5725
4380
6786
3866
9905
4482
9697
5965
5250
3800
472
2847
3364
2588
918
5835
8679
6801
998
790
7763
3245
8501
259
422
6527
4763
2787
9977
5423
8032
2055
9803
4818
5921
9708
9300
5618
2025
4550
5770
2497
3749
5486
1437
4668
1322
116
1469
8672
7259
5584
8269
5760
5843
8691
2288
6958
7830
8617
8733
5862
672
4889
7033
2945
4597
6333
4915
2975
7236
685
1824
7337
6172
3262
2005
3846
9730
9826
2518
3341
5410
787
9102
7605
5830
7742
916
13
6359
9649
2227
3384
4538
9260
2681
5488
1946
7597
8463
9182
8282
6639
6519
806
6253
4877
4652
2336
1055
3522
5677
2818
661
1131
423
6492
8873
1339
2857
1585
7341
5084
4969
1879
4345
7650
3719
6291
1599
8534
1825
6234
5174
4696
7040
1427
5925
8045
3763
6981
7919
5793
9799
8581
6924
6574
1425
5798
4266
4282
3735
1607
9366
8704
9838
63
2706
3558
2706
4306
8444
4531
540
3618
5580
3932
1398
7857
8329
1513
4838
6249
7306
989
4830
583
3916
6255
6381
4534
6889
6468
6141
2607
5172
2331
2671
4230
2241
5377
4888
686
6261
1780
656
8193
2065
2054
6050
394
9920
7241
6643
3578
4582
7825
4161
8498
432
6894
3032
7321
3362
5525
9929
4886
4209
8952
5469
2802
681
357
3488
3294
8490
497
7839
555
8903
3890
7301
8823
7483
3945
8754
2065
1770
2915
6916
2203
9810
6300
5876
9524
1826
2157
4411
2387
1109
9880
5189
8143
6589
5030
1437
5079
5527
5629
1986
782
5871
9288
9606
3354
9585
8360
1771
7707
7627
5039
6262
3789
1340
2139
3314
9518
4296
7725
1905
1758
3957
3446
6253
546
8476
4042
1978
355
9671
3964
1138
5542
9604
7096
5248
5541
1808
7020
3249
9435
8411
9511
3225
9751
1650
6539
5621
2299
616
7526
409
4573
7325
6662
5119
5801
704
7097
2509
376
7414
3647
2270
3370
7095
7519
8912
8903
4539
8513
4690
2950
8024
7915
9054
6027
806
4675
8326
1422
8554
8735
5995
5879
1749
7467
8032
2453
916
541
9181
4682
540
1452
4405
3987
8971
3317
2890
9862
8182
7581
9164
6206
1848
8218
2233
2655
9246
6911
429
7800
1998
2777
31
3747
244
8063
2553
1160
4957
1734
2195
1849
9538
6600
5837
8509
6269
5079
4723
4451
2660
3888
657
861
8458
9243
9868
7704
2506
297
1856
4505
9426
1887
4604
9670
6303
3509
7183
7612
1596
9378
9461
1134
2330
5298
5996
8599
378
719
3050
9390
4607
59
6603
9418
9302
6471
3474
1809
3121
5331
2666
2547
3570
7270
8570
6225
780
2105
3837
2376
7835
9651
9862
165
4949
5858
8764
1679
6578
8166
7422
7537
8225
377
3307
3880
6849
6782
5689
6322
8465
4707
5221
8387
1977
143
4613
9109
2248
4802
7837
83
4453
4052
248
5755
9910
5364
7434
2840
3530
1208
6730
8108
1586
37
1988
4787
6819
7677
7461
5284
8736
9034
24
7065
9178
4637
6175
7778
5791
364
7862
245
4416
4462
6000
679
6179
9786
3519
9709
7347
6601
7817
5285
6639
9805
72
3458
3834
3885
5095
2570
2919
5119
9636
2097
6108
2163
9876
1899
8879
4090
8496
9648
4904
4496
6679
1083
635
6550
7145
4334
3152
4962
9619
9791
1120
9691
9601
1306
3576
4696
229
2847
6167
6217
4945
2275
4732
1173
527
3611
1615
9023
9611
6519
9872
6290
3955
6859
2841
1100
1193
2345
2414
812
2136
9886
6855
8089
1193
431
2786
7774
3278
5305
3991
4575
3933
8723
2100
4460
8686
67
9835
4650
2939
9707
7292
6894
6566
6485
4346
4111
8830
6760
4923
7318
6647
1778
5408
4192
8561
4546
1966
8192
9851
2309
9119
136
7384
7572
948
2422
7639
784
7072
6930
6843
4365
3824
9762
850
8170
3873
6033
1283
5149
3351
7930
6927
8759
2122
1841
3305
440
33
9509
2749
9152
9645
133
6724
594
2555
716
7730
5980
7646
925
6697
7823
687
3899
2345
913
9932
3628
6062
9636
7910
2989
8395
6384
1182
8053
6824
1215
3914
5925
6720
9911
6058
9796
6857
4966
512
4587
7298
4511
5513
3995
2334
2552
7894
1031
3465
7827
4660
9527
7463
2570
8869
2210
8955
51
6615
2131
7619
529
8057
4339
441
467
4135
7298
5433
1000
8238
2731
5511
103
3078
4197
2655
973
5228
6121
5152
6240
2000
8967
5163
869
1177
470
7273
4145
2601
4892
4674
7010
9231
1467
7478
9718
5118
9263
718
3356
8347
2581
3459
1425
3130
2466
8750
4711
8587
3902
951
588
2869
2466
7809
399
2936
5082
4544
1890
9974
5570
5252
5557
7038
9082
5276
8508
8346
2346
1864
3045
4928
1675
822
8058
4141
9573
9121
9081
3475
6425
6021
2697
8891
3830
9448
8180
5265
3992
6422
1591
5914
1674
7149
2952
757
8777
7812
5455
1123
9676
8500
2403
7703
9322
6814
8197
5247
5935
7278
8723
2360
3299
7772
1252
3481
7220
5784
5098
7564
2206
6690
3478
3880
191
2783
989
5320
595
6444
6443
6624
1296
5199
4327
6971
2013
8876
2218
7948
6154
7293
309
5805
5065
7913
5639
8637
3697
737
6201
5903
3779
6032
6135
322
8815
7125
5642
5762
9921
8438
8738
7570
3637
3066
4541
5650
1942
6759
3598
4449
4053
259
254
5470
8172
5893
4108
1869
2983
6661
7772
6762
9045
260
3437
4212
3737
9079
9975
3658
7517
8713
1228
7506
8131
5769
9508
6426
8881
3107
7227
2934
9718
7481
8404
7891
9727
8864
6112
9062
1878
237
2176
923
497
5613
5136
4234
4693
5111
4244
8562
176
1825
2421
4660
7594
1929
1086
2827
1388
8313
5761
1107
2146
518
8998
8225
9382
1462
7287
1260
1699
9464
2184
2196
1429
3672
2782
6122
8783
7027
1037
5311
8852
3458
9971
2798
5387
7409
5626
3128
5722
7739
4235
4221
8257
9585
2446
3992
1047
6086
1604
2747
1902
3788
1295
3331
3812
4078
5806
2595
1105
3195
4259
6309
6653
4230
9107
8392
1640
1085
7872
3714
8825
2107
7935
3434
8044
6734
7426
9092
9172
9031
8191
1074
9171
9486
757
2984
9916
2915
1931
7373
6110
6190
3682
9115
6773
9142
3860
8413
227
1732
8479
5404
3840
2767
8839
1884
9501
6265
7328
8673
1648
5519
6099
820
1358
3208
156
1274
6124
2087
5000
2234
4630
8682
7702
1403
7824
1562
6168
4404
3294
4647
6160
3486
3766
4999
5371
3267
7617
9051
8292
9265
923
743
6437
2281
3952
6593
9907
76
5033
4907
8662
9663
9942
6364
1066
4118
7926
3586
4874
7573
4585
1035
1059
8352
6034
6430
7971
3
1834
6264
5621
2757
7007
2058
1390
7311
5004
1297
3739
37
2557
2402
9700
2499
5118
7118
2969
9397
7056
7844
6970
1641
8879
8029
9993
1265
812
7965
1269
2646
581
6890
5403
3940
5300
6793
1252
304
4442
4991
341
3351
3745
6393
2202
5216
9863
5172
4613
6919
3016
1583
8561
8247
5964
4906
9512
6776
9223
7133
9422
9804
375
1177
3745
5676
4322
1349
5980
5117
2692
2674
8468
6438
5419
671
1654
5283
2195
2619
2202
1563
4202
7115
9810
6518
8374
5674
3295
7597
2808
9069
3754
3183
247
3851
5211
921
5200
1192
6038
4244
218
859
682
5637
7882
8688
920
77
7659
9475
1640
8213
2942
7802
4732
1316
3476
8027
5266
2636
7096
9020
2172
3695
2871
7383
969
4423
4927
3359
8667
5145
4218
5702
7135
8452
742
4407
8529
8402
234
6521
2967
3177
675
7699
845
4152
5726
6111
3140
9175
1483
5312
9222
4354
2696
6543
5129
7623
9903
149
9121
473
5851
6256
8926
2945
663
7455
7699
7250
329
667
427
1004
8366
1272
1508
445
3736
4649
5972
5219
9961
1546
5926
9009
8090
7407
2985
4345
7556
2106
4818
3407
4714
3744
2705
1729
7552
404
8979
4233
1071
5758
5237
5790
3383
3098
6235
7119
7747
8559
8690
4060
105
968
3070
8195
8376
2407
2540
5932
865
3711
5692
1931
7455
8397
3660
1359
8801
8992
5592
6225
4750
7182
2015
4485
280
4602
1604
4379
3161
6647
8439
3266
7615
7861
7814
5991
268
6706
1924
7485
417
3968
9416
4225
2365
3077
5584
7518
8421
7529
3743
9523
4711
2110
4009
1343
6712
1965
5722
9873
8612
513
9492
6228
8375
7306
2219
4995
4012
495
2481
782
4463
1897
5007
3180
1326
6943
699
6099
4472
794
5623
5535
2905
5984
3230
5969
7949
8952
5843
6562
5818
5335
9142
4193
8993
1361
5540
3005
8209
4373
139
2672
6271
5146
5853
3949
8442
2904
49
9266
3698
2024
4802
2955
8008
4384
5277
5957
9689
7472
8871
5507
9159
8013
6052
8152
5727
1592
7509
3936
5966
7649
2960
8589
2795
5165
8890
7589
8069
5291
6856
8120
7315
8010
7427
1675
2394
2704
7633
2083
176
6504
7590
5687
870
3642
3839
6597
1587
1349
6885
3905
5350
9845
8846
4497
5011
7736
2087
9432
3028
8943
3904
6695
6953
7684
8371
9347
6740
2356
1431
3269
5212
5373
8956
6082
9016
2796
9031
6955
497
5916
860
5847
5762
9706
344
7125
7442
2431
2909
6822
7726
3166
9870
4679
850
8241
379
3942
597
1810
7211
2161
3535
6168
8244
2551
5316
7275
5858
2165
3192
6718
8012
5306
6424
4708
8783
219
3492
1692
3393
1218
1210
3263
2250
2060
7856
2629
6003
4805
791
9566
6967
4326
5734
1563
3230
7402
8838
9088
9567
8382
2159
3931
40
8583
8640
8823
5154
8484
6868
4900
9702
8078
4515
8304
6491
2372
933
8846
3529
8076
8412
6848
2403
499
8411
1985
7901
3602
1073
3821
1984
3232
7752
2025
8168
2744
7200
9674
1228
4068
4574
7283
2147
9090
5587
4990
7814
2873
3836
7695
949
2248
4544
9704
2747
2955
1689
7001
6557
9115
822
4894
2347
4926
3271
6867
7671
471
6542
5251
4540
7468
2534
3039
2910
4474
8029
724
3699
1865
8420
1000
465
9316
705
9565
2271
8746
6566
5181
7861
3740
75
209
8666
9698
3428
6337
169
9970
1589
1061
3791
475
452
6701
1301
4833
7426
5000
6698
2198
6001
3516
1514
3058
3081
137
1804
5999
5318
9666
9739
1745
6227
8405
1443
9655
1095
7965
5978
9036
9026
9769
5863
9479
2822
7165
4312
248
8517
7363
8798
870
7231
6664
3928
312
6802
2085
2663
8472
8103
2402
218
4330
7159
8013
337
8254
5978
2667
7290
5005
8788
3154
836
1611
6671
1500
1859
5188
5215
7010
6059
2446
3674
6339
9110
6828
8424
1773
1653
6527
4175
1871
7209
7687
6236
7547
5941
2215
6566
9584
3572
5355
9090
760
6966
5761
8612
5177
949
3828
2187
3360
2626
2214
6052
1737
5394
4476
9862
7047
7356
390
5270
917
8077
1507
4816
4018
74
1383
9954
3646
6738
9044
758
3704
4805
9370
8881
2107
3198
1069
1819
5825
9635
7871
3914
5029
8700
3776
2077
2408
4166
7347
3325
8595
5206
8142
2614
5280
9525
2568
5278
2615
7965
6036
6319
2770
5407
1552
1229
4957
2621
3049
7134
8608
7272
7400
3638
2324
1177
2067
4732
1695
5766
8058
6643
973
2552
9257
6253
8429
8177
1532
1044
6142
3920
3715
5265
5679
5267
2846
637
4241
2247
4123
2849
9520
1524
2839
1844
9053
4906
2929
7100
673
987
3743
7998
9891
9352
4251
4672
3882
2135
5716
6376
6056
5783
7993
1735
1050
840
8724
1643
9439
9200
4493
8959
724
3684
7156
6129
4943
85
9581
1968
7424
9677
9966
3667
9029
569
8339
9263
2705
407
1992
5113
6190
9985
3200
3592
7177
1925
5236
6617
7477
6081
1928
8201
9765
5436
682
1060
1873
6615
3028
9297
6292
9346
9316
1674
9916
7655
937
8973
8062
9281
4086
4252
9267
7286
7845
2796
5563
9433
5765
3040
5514
7694
7593
5279
9482
4627
2692
1356
1243
5720
7005
7535
1419
6322
9209
1335
3977
6499
6660
2040
5780
746
2644
1399
4384
6841
548
9948
6274
6313
9340
1788
359
6934
3420
9842
1561
6112
1198
2804
8184
8203
6692
9603
4525
5901
7290
4855
8752
3950
3247
4533
1048
5891
2284
5433
9085
2832
1733
5359
9146
1073
3500
5857
4359
6920
5699
5921
9384
3249
5077
3920
7805
1769
9876
8682
4023
3518
3537
2775
7469
6784
3660
4869
9028
5945
6654
8113
8777
8387
3472
4275
9461
6972
133
3820
244
5832
6093
5980
5434
7523
6253
3239
5644
6129
1921
9667
9647
5459
8795
3468
8595
2455
4690
7623
8400
1344
5736
3530
9732
5561
7805
5545
8885
7938
5717
5482
123
1811
1462
5557
5686
4067
8796
1330
196
7069
998
6196
8880
6145
6016
7476
8600
7058
1451
3353
8403
7188
6883
4487
2749
4688
32
1634
2627
2101
3468
9102
264
4931
4659
5950
5350
9807
7281
1899
6876
4631
4447
2109
776
463
9585
5728
3874
1036
9081
2277
4576
5964
3116
3677
7005
9500
1664
5984
1601
5132
5086
1866
6415
9745
7816
1766
5904
1449
3665
9132
2432
8112
1241
9560
4927
7178
5289
8801
4567
722
7430
9143
6687
546
9173
3692
46
837
9676
8000
5969
1114
9866
8737
7211
4034
503
3115
1836
4168
8599
4268
8632
9841
181
3559
7019
5470
2361
7938
6192
6143
3434
9231
3042
2607
9275
9440
9796
5303
7440
2117
6417
3658
854
9980
7693
1357
3095
9529
1877
1695
149
509
7888
330
4069
1259
2152
2782
9198
4697
5277
2632
3928
8319
1591
9556
7760
1387
4859
1552
3504
7629
5211
4359
7609
9256
2068
7057
5137
3946
5104
5286
807
9344
1969
1228
603
473
4010
6153
5170
5640
8785
5451
3959
376
5007
8071
8115
6218
5976
1620
199
1187
2331
4161
6795
4399
1218
1932
4697
2674
7218
5505
2018
5539
6733
8973
6013
7096
5127
7535
2736
3912
2986
3047
641
4345
7471
5108
6916
9799
6728
7115
7338
5411
1276
4133
6163
8846
6065
860
7872
9635
2717
9890
1527
5803
5216
7540
9251
343
5075
8339
4255
4414
7738
1248
8759
1561
6357
5675
1360
9437
9143
8698
1201
6771
9183
7364
5618
5248
4576
9842
1236
3646
6085
2763
9449
1301
6655
5052
1644
1730
3391
2251
2496
1129
9852
1256
2691
2561
3283
403
1998
2426
9102
9551
9198
4637
6915
1168
9886
7844
1010
7474
1490
7095
6589
7291
4748
3244
2343
6392
1326
5734
8644
3823
3215
8496
1431
2258
1057
4714
2662
9407
3493
8116
8959
9043
2753
2226
211
8991
6422
7573
2817
7912
1021
9406
1555
5769
2650
250
2162
3977
2336
7158
4152
5552
2006
5583
7810
3063
297
6824
8822
142
4940
4133
9185
4046
2712
9396
3037
9134
3322
5855
3399
4343
1613
1306
6464
4264
1557
4978
4593
3893
8488
8745
9445
494
4328
3608
9909
977
432
8732
1120
1725
9217
305
5771
1929
6054
5160
7416
9376
7367
7167
71
8981
8473
2887
9597
30
7866
4190
3924
6354
2935
9721
3201
7263
9681
3110
8240
114
8194
5712
8191
7412
6018
314
5693
2072
1826
3109
7800
9194
276
4223
4527
5102
7110
4124
5132
1328
8314
5408
4035
7601
5130
7236
4864
1163
346
9456
7629
4893
1521
5820
2305
7539
6134
4350
5963
7961
7460
115
3507
4088
690
4386
9190
4152
8510
675
5481
3176
6083
5868
777
7565
3104
1993
8729
9802
7801
6358
4695
9322
8531
3352
3213
1017
7703
5528
5330
1515
1995
5189
1955
2685
9575
1146
6838
8085
8173
8671
7613
608
4539
8390
8174
3995
6735
3255
149
889
5965
1197
211
848
4549
9777
1866
8604
5305
3548
119
3653
8738
2075
6338
8313
9573
3176
2751
7746
1847
364
8354
2738
5107
2880
6733
1842
2487
6883
2731
8453
8080
9295
9301
8981
5424
7519
7586
7081
1068
4057
734
6158
2484
7073
4471
2057
6601
7222
6155
8449
3939
862
7539
9046
94
4273
7240
2582
7508
6324
7387
1940
5619
3040
7273
7395
560
1211
4476
7980
5269
5211
4138
4105
2284
4961
2515
8885
8536
8670
3686
2475
5884
7578
7873
5979
8203
5113
4913
2063
1437
2300
4003
3408
5340
7628
803
2252
8840
1632
6584
461
6843
722
4566
5479
2036
7081
716
572
2104
755
9399
4340
8333
7272
319
6536
2385
1584
8599
175
3884
8954
9935
5577
2934
7091
7829
1774
5075
4414
8587
1918
1488
9506
3749
3524
2939
4465
448
5043
5220
9847
9384
9905
7119
6055
6441
5857
7640
1392
2384
7876
6698
8671
3453
9633
2114
7635
7759
7189
2049
6347
9107
9889
2205
2856
3414
5144
3674
3862
6540
5246
3710
5924
5152
7181
8331
7945
3038
2323
5690
1774
200
2388
446
5
2021
2560
7640
6133
9750
9689
8832
8857
9579
1037
8066
9345
6181
8092
9559
2721
3338
9621
4997
8490
6803
9681
6436
6193
2004
2126
7968
8556
866
8414
8562
9240
7326
6202
5373
7076
2244
4205
2286
8175
5242
6704
3872
7775
4796
3431
497
8134
9405
1846
6625
2560
1527
9413
8753
9884
7891
3073
8440
8757
7839
3354
7997
5166
5909
3370
2242
8153
3927
880
2680
9169
7584
6552
6945
2380
6335
3794
6867
2092
1992
3492
4652
3520
9257
9758
9756
7148
2831
8196
2257
7023
7903
255
2189
3812
9977
783
8317
257
8016
7349
9426
5600
253
2723
4333
2940
2869
1200
5033
4862
1044
6037
4734
301
5795
4490
3801
4979
9038
6058
2002
6941
2665
543
7105
8995
7678
5422
9252
5694
9123
5030
7647
9376
4106
8332
2317
6975
5884
7350
8189
6928
3387
2923
3581
5535
3765
3734
6866
2804
6144
5220
6097
8810
2115
3203
4157
9793
4977
3409
1840
4101
4791
5839
3477
8897
4171
5794
2225
55
9496
414
3335
9236
9690
3268
1123
3455
7002
7989
6259
3146
3209
8709
8308
5324
1912
2465
1469
3241
2226
3309
7342
7018
5500
7172
2267
9671
9318
4492
6078
8815
1259
5765
4403
949
9033
5526
4404
2387
3515
7016
1886
3076
5725
194
8400
3989
9012
6221
7230
7590
9531
925
960
1383
8097
9580
1055
7415
4072
3485
2582
5331
9251
6985
2632
4636
8863
3389
7024
8730
6757
5262
1806
8834
1808
6558
2823
7172
2780
6405
4763
8663
7330
2075
46
1779
1655
7453
9195
2080
939
8129
7411
6542
1467
6396
7530
330
9785
906
9061
6542
6168
867
5376
7977
3778
4551
5149
6558
956
6264
5221
4639
8340
5267
6418
6347
9073
1965
8427
12
6447
2191
2906
7914
8587
436
4596
4724
1343
3657
1266
3863
877
2994
1840
4655
7545
6990
7565
4853
9606
9138
5844
7946
757
8615
4294
9830
6932
2721
6194
3379
1264
9100
7645
9851
5889
2242
4575
3584
5899
2193
7447
3128
5187
9288
4135
9084
2630
1700
290
2236
838
6134
6535
1596
4749
829
1426
8034
9902
3973
1413
1167
3073
9059
7370
5314
1301
8298
8898
3552
491
2698
3033
5679
1986
7168
1115
968
5221
1405
9556
6059
7540
6091
4007
8641
3272
1786
6675
9527
5759
4441
7046
5184
9852
4416
499
1153
2714
9397
1057
9558
8447
4090
1589
433
7611
2704
7753
2832
4110
7310
5243
8002
9753
9251
2995
3026
1037
6023
2553
3148
464
5951
8332
316
367
8831
7821
9434
4581
5230
8992
3028
5673
581
9814
3284
9637
3919
2468
99
1229
7711
8101
983
3314
7449
361
703
3472
9266
3851
3936
5217
2184
4252
1936
7367
8425
1370
1948
3655
6714
1329
9328
3647
7495
8964
3285
1414
1432
3384
8996
9144
7838
6331
2458
5287
6692
3162
8759
2310
7013
9047
7527
5549
9651
9463
2917
8076
7186
1217
8083
252
8898
7412
3900
6393
6376
3537
7808
7809
6921
6804
3305
1111
3135
5763
2750
6179
5277
1509
8489
8643
556
6016
4192
6559
1831
3461
4635
5369
1031
2719
5622
9929
6483
5874
6323
9211
9411
4131
7020
2684
7287
6677
3796
422
8793
6546
6601
4070
4408
5090
9065
1316
7458
9610
7876
5641
3071
8863
1011
4102
7934
2985
4032
4417
8859
355
3629
8270
838
7001
7306
8125
3679
1102
8547
2472
4001
1500
2894
4761
2942
1960
6077
6752
7922
305
2393
993
9169
3404
1448
7103
6389
1832
1521
1600
2187
1502
9870
9377
8503
7177
7502
8534
4631
2401
1006
4984
253
253
9745
3195
8565
5823
6299
6487
6128
8692
7480
1649
8449
5280
5105
1190
7112
2978
2791
5651
4480
2661
5028
9335
6190
8882
7870
822
7635
8876
2158
7888
5481
1904
7435
4046
7727
86
533
207
8779
4366
8209
7228
5998
3314
8418
3111
6292
1209
5114
7124
223
6495
6459
6413
5377
4329
3587
9365
9558
5746
3605
1391
4002
7393
5438
1729
7479
2323
8288
6258
3041
2849
9838
5392
2515
8257
8503
5159
5818
9969
2283
6041
6464
5095
8807
8194
5776
8746
7559
5334
844
1164
3078
4846
4909
8516
2927
2389
7191
7568
4999
6585
417
4838
1977
2933
9447
6832
8092
5265
6801
6728
7659
3266
1823
2818
1460
7599
1564
5371
9286
8761
6535
2364
9959
7797
7232
2887
186
4423
6807
5185
7360
7224
23
9337
6509
9470
6169
954
1088
9323
4034
8747
2589
5857
1565
401
9808
9481
5772
9094
4594
8659
7810
4554
6456
5042
7441
6642
5818
4248
8180
3178
7824
8203
8868
686
4026
5037
7992
5114
4360
2026
213
3301
7883
8130
3702
4043
7611
5826
3138
2206
4486
7300
3112
942
2343
553
3937
4513
1153
2117
7691
5329
6672
6559
6015
698
7949
359
2164
8661
2385
2377
8315
268
6859
2017
4312
4471
7844
3802
3029
8682
1102
2493
5976
9797
9398
9913
4310
551
8382
8354
2232
5055
1265
4600
2105
9214
4959
622
4228
7345
9351
2543
3965
6211
912
4629
7034
5108
4783
6415
3790
5886
8908
6119
2035
8306
6032
6346
5209
767
1052
7441
2174
2317
8393
631
1532
3353
1253
2112
7050
6957
4655
1015
3168
1919
1997
6554
7028
6780
2969
7170
2666
8229
3289
1054
6535
5674
3752
1744
6441
4804
5537
8615
7121
283
9246
5005
3636
6852
7117
7038
3809
8124
4405
3329
44
6402
9883
3424
3183
9204
594
2201
7433
236
3255
320
5910
7007
8416
2351
1811
3953
7318
8933
588
2916
290
4224
9768
7408
7614
9929
5532
2020
3258
1928
8422
9493
5352
1605
8697
5947
3807
2482
6183
7062
2802
8445
422
1218
796
8585
1524
4466
3870
2112
7382
4161
2689
3503
1569
6655
3432
3453
8675
3043
5382
7098
2536
734
5055
7586
3033
8862
68
5568
2277
9223
4013
9051
6793
1161
7636
4669
5627
1507
6782
9362
2020
5823
2865
3589
2478
6297
3394
1154
5692
8776
4604
8229
5863
9659
2167
8896
4874
8587
4465
3503
7810
8478
8906
956
9640
6542
5625
5267
4401
8759
4629
6421
4582
3846
6362
3413
6496
9757
919
2188
4885
5523
417
748
1534
2584
9645
2760
1172
4110
2615
5334
8940
1521
6290
8580
4416
8268
200
5169
7027
1181
7943
7962
5028
4305
1375
1524
414
2294
3712
5300
4169
482
2400
2055
9418
2045
4816
6942
2507
3783
8629
1448
5305
1271
6380
6073
9539
2932
1242
6567
466
9185
4529
5494
9843
5904
3370
257
4550
3434
1909
8719
268
4310
7126
9687
2707
8294
2981
1567
2078
1610
9367
3735
2882
5747
9808
2421
5032
7402
5340
5498
6588
9869
7344
2783
2125
7066
3040
3027
500
1302
8098
7121
1964
5225
6808
4671
3519
6141
6238
1949
7752
5605
5684
634
7705
1844
9407
9089
9247
1100
4587
2187
969
8283
4970
9447
5349
4362
8826
2201
2016
6925
9322
3980
2150
2482
5004
2021
8624
7594
3971
6376
9552
9655
3362
3609
7852
9121
2698
3451
221
3637
5638
7543
1920
6960
6990
7269
7674
2168
9470
6043
9093
8793
23
7595
1275
1379
9617
9899
8974
9940
2627
8526
5947
5989
8487
3799
1463
1185
7250
1684
4822
9240
9227
6742
2552
2569
363
6579
4738
9833
2622
183
4978
8997
7779
2606
377
3748
8857
5703
3688
1485
