2000
8480
1464
2976
9484
319
4189
7577
6558
5748
7160
9299
8967
7533
3237
3567
5910
6804
8199
1309
1693
7199
6555
7938
5844
8124
6437
4482
6373
1463
3074
8488
6295
4538
7817
2131
1210
2006
9708
7768
4107
3221
3419
9426
754
3008
9346
3016
9813
7545
4326
7858
4745
7233
5797
589
5357
8586
5071
8082
50
4497
2923
2697
5387
740
4829
6597
9098
889
717
9557
4110
4136
8984
4865
7145
8330
4233
3310
5875
4911
1168
6972
2145
3317
3913
7502
1904
5336
1937
8306
9833
4860
1003
5221
5600
2184
1818
1050
3074
8888
6960
7184
3024
5944
8401
6521
4274
8987
9831
6501
3898
7352
3474
6043
7021
3739
9898
5277
9076
1835
9935
8909
6695
939
482
8647
9475
8653
6049
2549
7541
3009
6086
565
8953
839
7087
9579
9826
3270
2433
3725
6974
2259
9768
3996
5998
6018
5625
5074
7853
5561
336
4548
2852
818
9547
2327
9471
5597
1229
3364
8606
7315
3930
3912
4506
7369
9843
4333
6991
2276
4410
318
4535
530
666
6886
6549
6291
1960
4402
1852
8648
5303
4704
9467
1202
3384
5290
6799
4613
8655
1758
8280
8937
2022
2786
6306
1865
7119
9649
494
7881
9967
1381
8412
6985
4619
1313
3277
6580
5715
5129
5228
7370
6186
1047
8573
9570
6338
1724
535
4993
9834
8815
3930
1856
1601
6588
74
5073
2589
6920
2954
8909
4653
7718
5894
9273
9031
9171
2205
1099
653
7433
8469
3191
4833
3394
2761
1171
5119
3296
2516
4953
2111
2798
3162
64
5738
9588
5137
8327
2860
4444
7236
7513
2162
9483
6786
1194
8654
8991
2293
5659
2777
7114
8850
7610
509
7963
5133
1980
7611
4001
3285
6074
6799
2799
6139
2537
2387
1276
864
1599
2072
4453
9113
4235
3936
2251
1781
8942
7595
426
4602
372
7540
9804
4334
4401
7768
5819
6381
5379
9820
6019
7806
6619
8818
3945
5508
7558
1573
2724
9157
3646
7177
4622
4233
7465
6874
6014
2760
821
6440
3714
7545
3980
3518
1879
4734
7638
4050
7467
9370
3870
3486
7176
6841
8657
1121
8701
2567
9046
1425
8076
9044
4955
2699
3277
2420
5925
9291
1532
6746
5731
5246
4291
6064
8765
2522
798
2755
2924
4617
2125
3146
4456
9301
9987
3113
6774
5040
2032
2173
6465
108
1217
1420
9159
4495
193
1436
3786
8077
4534
5870
3324
5177
1934
8441
4051
9084
1196
6975
3701
9674
121
8157
8975
6460
7622
2102
1500
9654
4275
4318
6115
5492
2090
5274
9987
8635
6711
3774
6713
7597
5996
37
2775
7930
4830
6826
3366
2378
3802
7067
2052
3923
1577
7380
6736
5551
9482
8236
1558
3757
2554
7673
5601
4645
2947
5589
3280
6010
5715
6345
3608
1711
2734
2735
5993
7564
9561
9359
9943
9715
2778
8347
3639
707
5727
6727
6259
5209
4963
7817
5318
3870
1842
920
4867
4789
2861
4499
7152
8576
845
7112
6639
3579
9847
8984
1144
9408
8343
7439
9124
1121
5786
9115
8181
1514
5842
4440
3075
7157
8609
8394
7379
451
5666
2246
1592
8527
3098
5096
3455
3943
2208
6446
3874
8407
5430
1370
7816
3773
8809
3292
1246
948
8759
9427
8814
953
219
1889
4462
8828
6635
1842
5631
2301
440
3576
828
9890
8672
4283
3833
881
729
7708
5640
6159
5430
9808
6284
4240
3100
3883
1540
8211
9662
354
5516
9882
8595
9979
5062
5231
8173
694
7532
4965
4270
8361
4856
9294
8996
5041
6527
6078
9101
2168
8589
4532
1976
1226
5124
1429
5109
6664
5992
4771
3370
1509
4653
1965
1488
6068
7196
6013
3114
4729
7330
3736
9442
8538
3030
4790
3580
9558
7220
9033
1726
5810
3565
54
7036
8689
1483
2145
1705
7476
3268
5075
5337
7922
7041
3177
342
589
9190
3456
1670
2872
7192
1112
1411
222
2255
4991
6132
9475
4024
4210
5285
3942
4265
8673
8983
2100
7170
689
5928
439
2116
1265
4713
5509
4442
5055
6099
9984
8511
7769
2857
2055
5234
4268
8629
3841
5611
4762
3316
5987
8972
4954
6281
9589
9979
5265
8042
7150
2306
3970
7589
774
1588
2302
6284
2382
3709
8735
8719
8572
6504
1576
627
8090
2196
9256
1931
4159
4018
1600
6498
9343
2906
2780
8932
2885
4397
3326
35
3055
3649
3976
3829
5237
6278
6465
3971
6339
5200
2690
4911
8057
4266
5538
2499
2814
4795
783
3325
5165
2383
9824
4508
5289
8956
9793
4526
3353
9471
4562
2760
3120
8538
6589
8357
1169
9407
8681
3860
959
1371
8772
5368
5638
4310
7868
4804
5457
8651
8130
6975
1034
4306
7835
2675
3262
3980
7201
6615
3452
8115
9375
6572
3006
2316
1282
527
8075
9963
4387
9035
1334
3159
4403
3324
3822
8623
4481
5631
7274
8963
2606
4660
3269
6794
3687
6531
774
889
3146
4226
5356
8873
7151
8362
7541
4785
5241
5617
4748
9629
1004
2434
9140
5407
2111
2962
4031
2944
4946
7657
1907
3904
2318
5176
698
6005
1707
1473
3246
1205
2051
4955
6430
5554
3317
3971
339
8559
5940
1439
4540
6944
226
3680
8704
8689
2995
9087
1633
4293
6744
3540
8197
5414
5068
8896
1420
6775
6721
1018
4332
5124
5973
762
679
5643
4733
7370
554
7026
8810
5094
3970
9036
5126
2674
4077
4473
1761
5710
8766
4858
5602
6964
272
670
2212
8044
3797
5285
9063
8129
409
1388
8891
7440
3383
9976
4811
3937
7002
9973
5383
973
5361
6862
9999
9438
1335
8113
5148
102
2971
750
3418
9595
7772
5630
7640
1569
7267
3055
9698
7676
795
8589
1469
4179
4917
2632
4468
1920
2605
9852
9245
7966
3066
5596
7404
4401
61
8904
855
9384
9654
4273
8980
3778
6255
2972
5347
3522
6027
5045
7551
6822
9986
9020
7353
4903
1652
1822
3175
609
8026
8772
8575
1092
4369
2331
1845
4430
1235
2701
3815
7241
3326
9147
1019
9582
2119
6366
9456
8146
7763
7007
1320
7749
2379
8674
9004
383
6848
8532
992
4874
7304
5919
2318
8025
8250
4163
8808
9485
3216
8975
6726
6543
8122
7745
2477
241
463
8285
4739
8226
5293
2411
2327
4024
7437
1332
4408
4285
9864
1752
5511
7168
7672
7829
1546
5922
1993
354
5408
1561
9329
8486
4456
7451
2584
6933
4044
3047
1571
5135
1274
3216
7546
3601
7240
1336
1285
8000
5621
1149
9753
7485
4670
7425
5314
6216
9699
7307
2922
5107
5221
2251
3594
9677
6054
6178
2963
6450
5577
4534
1585
3203
7750
5483
6805
1342
6819
4442
9343
8793
1944
5448
6278
6614
2873
7944
9182
2572
1604
8456
4032
6825
707
3978
6502
3113
6508
9465
9563
2085
3999
1148
5289
8101
2983
8446
9444
6155
2888
5139
1300
1184
587
3930
7798
3460
1874
3332
2384
3478
1788
2768
303
8847
6746
3158
1960
9606
2623
7875
8044
2975
5375
3333
7428
8359
8131
3224
866
7371
8363
2166
8556
8950
6096
2706
8762
4322
2391
1147
4153
531
267
4456
5731
3366
3966
7691
2972
2942
1919
1016
2269
7294
701
9697
5653
5184
2922
2871
2556
1285
5037
7464
236
7485
170
5350
8160
8913
2849
2313
9445
3117
3121
5176
6483
7088
9219
5807
30
1138
6824
2299
8433
3877
8348
438
9062
1270
3310
7970
8908
4699
1786
5496
8537
8308
846
6697
7222
3696
9010
3019
3165
2131
8195
6000
9219
3766
1807
5601
1257
4983
4252
6042
8861
2601
6480
4275
223
6142
2245
5483
7194
4031
979
5731
2339
8178
2428
5913
8226
1438
8932
1391
3569
3479
7391
9141
3598
5550
4742
4855
534
8995
897
9395
7948
3729
22
8171
6224
8619
3655
3418
9002
986
9149
1341
9164
1577
3607
3742
9367
2539
1485
9288
2371
5228
8429
5969
779
9524
824
1313
4871
8073
7060
9171
1802
7082
7342
8026
5701
7349
7796
4703
8336
6945
2396
3852
4874
6003
3947
4241
4895
5432
9882
3618
661
4663
9587
1440
4187
6763
9105
5410
4836
6165
4581
2990
3247
8276
1017
5300
5625
5165
6355
313
2111
8751
518
3337
1107
4465
7579
2354
9897
3813
5972
558
8476
1911
8350
9016
8674
7455
4426
3510
3620
5360
6500
3219
9988
3869
4871
5613
9035
1226
2279
7498
6330
9149
835
7437
3614
4766
6143
9863
8579
2115
422
7056
4026
5124
2424
9052
2580
6850
2562
2552
8562
5414
5772
8550
9284
6995
516
4671
8222
9147
2169
4552
8296
9356
8341
8262
4123
4484
8125
9054
2951
8547
6110
3329
3672
8534
8733
2604
1737
1295
5156
6651
3061
7280
1554
8697
4276
8422
3368
8850
7569
1889
9754
2217
1246
8095
479
1721
8931
8604
775
8234
3504
3238
7915
3528
8124
6648
6132
6213
4295
7640
2865
7356
4921
771
6054
5549
9193
5774
4399
6762
7664
4153
5331
5262
8600
5810
6983
3883
4414
4110
8469
4270
7348
6384
7798
1825
9384
282
8038
3679
7923
7255
1035
2844
8026
3441
4745
7219
9216
9144
333
6880
9649
5664
8494
4601
7826
1829
8484
8593
5939
6953
2863
9640
9689
662
7817
9073
944
5855
9104
5219
3111
6491
4415
1137
9933
9160
4709
5501
4656
1394
8733
4305
7059
7227
8906
1237
9056
3742
9830
1347
7047
2694
7339
6736
9708
5156
2161
7004
1012
7617
2224
475
4109
6639
7964
394
2152
9025
5895
6808
420
980
1114
3831
8207
6372
5068
3615
115
4899
1314
3514
7593
8654
251
3653
162
8764
657
7526
6382
9233
8001
491
5873
2318
7237
8025
1343
3132
1185
1763
4112
8651
5594
8671
5024
7015
8638
1491
1914
9952
5005
5859
4958
1608
9512
5121
373
6521
2647
6755
5755
7001
3598
1628
9319
835
6005
7014
319
3542
5130
783
2194
724
5806
3570
7739
4444
1413
6005
4396
6418
1864
5707
4379
7728
7180
1104
4250
6179
7859
5
3180
7809
7985
8851
4996
342
2218
5315
3884
7348
2450
6078
4424
8256
9648
8516
2700
1061
4521
3448
3832
2738
5507
4563
466
2687
5667
1068
8867
9878
1073
8399
7687
9058
3603
9035
9400
5821
702
9637
3169
3152
5715
3945
7760
1716
2461
460
9129
6983
260
9313
6073
2120
3876
6539
4807
9543
3960
26
9421
5033
8426
3460
444
8381
2495
6196
4202
3197
5833
3723
6349
7901
7668
4109
9617
130
921
5098
3465
7534
4412
9538
9654
8288
2429
813
7832
6389
840
3605
1423
5618
7066
8219
3999
9561
4415
4553
2759
6601
8276
5460
4502
2296
5922
471
2426
6843
5569
2243
729
6333
1781
6735
4622
563
3901
8806
6952
4741
2411
4727
6711
9477
2946
7062
5391
3714
7967
8150
315
2595
9962
1169
4891
5884
1640
3670
9080
3561
5913
9809
9895
4047
2897
4517
4610
6798
9675
1562
7891
8438
6290
954
4268
5588
8016
9659
9302
5983
4161
5969
8578
4123
7138
9821
8
5130
3491
9088
8692
9405
5249
8587
9804
8146
9456
4414
1296
9131
5976
9187
7569
8618
141
8189
559
4509
7848
6213
492
2009
2183
5422
2485
5673
5244
2493
804
5087
7933
5848
844
3182
4435
648
7681
243
5062
8977
9374
7391
8165
3295
2361
4658
1485
2920
9168
5685
9134
6012
4047
7669
1435
6532
9694
3031
9025
498
4470
6958
2698
5315
6492
7133
5963
525
7376
1026
9503
3102
4769
4020
2750
7130
8678
587
51
4198
6272
5537
211
319
9558
7998
6851
9252
7381
2228
6103
1851
5538
8801
7166
8383
2287
9482
8908
9663
508
8411
9118
1629
8783
1868
8759
3814
8807
5162
8012
5079
699
8223
1751
257
2573
4954
5862
9954
3535
1965
8158
5425
7118
5324
3808
9405
4806
2717
5421
1666
7480
4539
3295
2616
2759
8407
6430
1566
3569
4442
2997
621
9018
1100
7230
7943
2407
3092
7898
5942
1409
2408
1367
8528
7732
1528
7933
8891
4245
3354
6909
8077
4245
6557
693
3356
4964
3475
4922
8533
4270
4272
5506
9640
1724
2737
7583
4131
2181
