500
8480
1464
2976
9484
319
4189
7577
6558
5748
7160
9299
8967
7533
3237
3567
5910
6804
8199
1309
1693
7199
6555
7938
5844
8124
6437
4482
6373
1463
3074
8488
6295
4538
7817
2131
1210
2006
9708
7768
4107
3221
3419
9426
754
3008
9346
3016
9813
7545
4326
7858
4745
7233
5797
589
5357
8586
5071
8082
50
4497
2923
2697
5387
740
4829
6597
9098
889
717
9557
4110
4136
8984
4865
7145
8330
4233
3310
5875
4911
1168
6972
2145
3317
3913
7502
1904
5336
1937
8306
9833
4860
1003
5221
5600
2184
1818
1050
3074
8888
6960
7184
3024
5944
8401
6521
4274
8987
9831
6501
3898
7352
3474
6043
7021
3739
9898
5277
9076
1835
9935
8909
6695
939
482
8647
9475
8653
6049
2549
7541
3009
6086
565
8953
839
7087
9579
9826
3270
2433
3725
6974
2259
9768
3996
5998
6018
5625
5074
7853
5561
336
4548
2852
818
9547
2327
9471
5597
1229
3364
8606
7315
3930
3912
4506
7369
9843
4333
6991
2276
4410
318
4535
530
666
6886
6549
6291
1960
4402
1852
8648
5303
4704
9467
1202
3384
5290
6799
4613
8655
1758
8280
8937
2022
2786
6306
1865
7119
9649
494
7881
9967
1381
8412
6985
4619
1313
3277
6580
5715
5129
5228
7370
6186
1047
8573
9570
6338
1724
535
4993
9834
8815
3930
1856
1601
6588
74
5073
2589
6920
2954
8909
4653
7718
5894
9273
9031
9171
2205
1099
653
7433
8469
3191
4833
3394
2761
1171
5119
3296
2516
4953
2111
2798
3162
64
5738
9588
5137
8327
2860
4444
7236
7513
2162
9483
6786
1194
8654
8991
2293
5659
2777
7114
8850
7610
509
7963
5133
1980
7611
4001
3285
6074
6799
2799
6139
2537
2387
1276
864
1599
2072
4453
9113
4235
3936
2251
1781
8942
7595
426
4602
372
7540
9804
4334
4401
7768
5819
6381
5379
9820
6019
7806
6619
8818
3945
5508
7558
1573
2724
9157
3646
7177
4622
4233
7465
6874
6014
2760
821
6440
3714
7545
3980
3518
1879
4734
7638
4050
7467
9370
3870
3486
7176
6841
8657
1121
8701
2567
9046
1425
8076
9044
4955
2699
3277
2420
5925
9291
1532
6746
5731
5246
4291
6064
8765
2522
798
2755
2924
4617
2125
3146
4456
9301
9987
3113
6774
5040
2032
2173
6465
108
1217
1420
9159
4495
193
1436
3786
8077
4534
5870
3324
5177
1934
8441
4051
9084
1196
6975
3701
9674
121
8157
8975
6460
7622
2102
1500
9654
4275
4318
6115
5492
2090
5274
9987
8635
6711
3774
6713
7597
5996
37
2775
7930
4830
6826
3366
2378
3802
7067
2052
3923
1577
7380
6736
5551
9482
8236
1558
3757
2554
7673
5601
4645
2947
5589
3280
6010
5715
6345
3608
1711
2734
2735
5993
7564
9561
9359
9943
9715
2778
8347
3639
707
5727
6727
6259
5209
4963
7817
5318
3870
1842
920
4867
4789
2861
4499
7152
8576
845
7112
6639
3579
9847
8984
1144
9408
8343
7439
