8500
8480
1464
2976
9484
319
4189
7577
6558
5748
7160
9299
8967
7533
3237
3567
5910
6804
8199
1309
1693
7199
6555
7938
5844
8124
6437
4482
6373
1463
3074
8488
6295
4538
7817
2131
1210
2006
9708
7768
4107
3221
3419
9426
754
3008
9346
3016
9813
7545
4326
7858
4745
7233
5797
589
5357
8586
5071
8082
50
4497
2923
2697
5387
740
4829
6597
9098
889
717
9557
4110
4136
8984
4865
7145
8330
4233
3310
5875
4911
1168
6972
2145
3317
3913
7502
1904
5336
1937
8306
9833
4860
1003
5221
5600
2184
1818
1050
3074
8888
6960
7184
3024
5944
8401
6521
4274
8987
9831
6501
3898
7352
3474
6043
7021
3739
9898
5277
9076
1835
9935
8909
6695
939
482
8647
9475
8653
6049
2549
7541
3009
6086
565
8953
839
7087
9579
9826
3270
2433
3725
6974
2259
9768
3996
5998
6018
5625
5074
7853
5561
336
4548
2852
818
9547
2327
9471
5597
1229
3364
8606
7315
3930
3912
4506
7369
9843
4333
6991
2276
4410
318
4535
530
666
6886
6549
6291
1960
4402
1852
8648
5303
4704
9467
1202
3384
5290
6799
4613
8655
1758
8280
8937
2022
2786
6306
1865
7119
9649
494
7881
9967
1381
8412
6985
4619
1313
3277
6580
5715
5129
5228
7370
6186
1047
8573
9570
6338
1724
535
4993
9834
8815
3930
1856
1601
6588
74
5073
2589
6920
2954
8909
4653
7718
5894
9273
9031
9171
2205
1099
653
7433
8469
3191
4833
3394
2761
1171
5119
3296
2516
4953
2111
2798
3162
64
5738
9588
5137
8327
2860
4444
7236
7513
2162
9483
6786
1194
8654
8991
2293
5659
2777
7114
8850
7610
509
7963
5133
1980
7611
4001
3285
6074
6799
2799
6139
2537
2387
1276
864
1599
2072
4453
9113
4235
3936
2251
1781
8942
7595
426
4602
372
7540
9804
4334
4401
7768
5819
6381
5379
9820
6019
7806
6619
8818
3945
5508
7558
1573
2724
9157
3646
7177
4622
4233
7465
6874
6014
2760
821
6440
3714
7545
3980
3518
1879
4734
7638
4050
7467
9370
3870
3486
7176
6841
8657
1121
8701
2567
9046
1425
8076
9044
4955
2699
3277
2420
5925
9291
1532
6746
5731
5246
4291
6064
8765
2522
798
2755
2924
4617
2125
3146
4456
9301
9987
3113
6774
5040
2032
2173
6465
108
1217
1420
9159
4495
193
1436
3786
8077
4534
5870
3324
5177
1934
8441
4051
9084
1196
6975
3701
9674
121
8157
8975
6460
7622
2102
1500
9654
4275
4318
6115
5492
2090
5274
9987
8635
6711
3774
6713
7597
5996
37
2775
7930
4830
6826
3366
2378
3802
7067
2052
3923
1577
7380
6736
5551
9482
8236
1558
3757
2554
7673
5601
4645
2947
5589
3280
6010
5715
6345
3608
1711
2734
2735
5993
7564
9561
9359
9943
9715
2778
8347
3639
707
5727
6727
6259
5209
4963
7817
5318
3870
1842
920
4867
4789
2861
4499
7152
8576
845
7112
6639
3579
9847
8984
1144
9408
8343
7439
9124
1121
5786
9115
8181
1514
5842
4440
3075
7157
8609
8394
7379
451
5666
2246
1592
8527
3098
5096
3455
3943
2208
6446
3874
8407
5430
1370
7816
3773
8809
3292
1246
948
8759
9427
8814
953
219
1889
4462
8828
6635
1842
5631
2301
440
3576
828
9890
8672
4283
3833
881
729
7708
5640
6159
5430
9808
6284
4240
3100
3883
1540
8211
9662
354
5516
9882
8595
9979
5062
5231
8173
694
7532
4965
4270
8361
4856
9294
8996
5041
6527
6078
9101
2168
8589
4532
1976
1226
5124
1429
5109
6664
5992
4771
3370
1509
4653
1965
1488
6068
7196
6013
3114
4729
7330
3736
9442
8538
3030
4790
3580
9558
7220
9033
1726
5810
3565
54
7036
8689
1483
2145
1705
7476
3268
5075
5337
7922
7041
3177
342
589
9190
3456
1670
2872
7192
1112
1411
222
2255
4991
6132
9475
4024
4210
5285
3942
4265
8673
8983
2100
7170
689
5928
439
2116
1265
4713
5509
4442
5055
6099
9984
8511
7769
2857
2055
5234
4268
8629
3841
5611
4762
3316
5987
8972
4954
6281
9589
9979
5265
8042
7150
2306
3970
7589
774
1588
2302
6284
2382
3709
8735
8719
8572
6504
1576
627
8090
2196
9256
1931
4159
4018
1600
6498
9343
2906
2780
8932
2885
4397
3326
35
3055
3649
3976
3829
5237
6278
6465
3971
6339
5200
2690
4911
8057
4266
5538
2499
2814
4795
783
3325
5165
2383
9824
4508
5289
8956
9793
4526
3353
9471
4562
2760
3120
8538
6589
8357
1169
9407
8681
3860
959
1371
8772
5368
5638
4310
7868
4804
5457
8651
8130
6975
1034
4306
7835
2675
3262
3980
7201
6615
3452
8115
9375
6572
3006
2316
1282
527
8075
9963
4387
9035
1334
3159
4403
3324
3822
8623
4481
5631
7274
8963
2606
4660
3269
6794
3687
6531
774
889
3146
4226
5356
8873
7151
8362
7541
4785
5241
5617
4748
9629
1004
2434
9140
5407
2111
2962
4031
2944
4946
7657
1907
3904
2318
5176
698
6005
1707
1473
3246
1205
2051
4955
6430
5554
3317
3971
339
8559
5940
1439
4540
6944
226
3680
8704
8689
2995
9087
1633
4293
6744
3540
8197
5414
5068
8896
1420
6775
6721
1018
4332
5124
5973
762
679
5643
4733
7370
554
7026
8810
5094
3970
9036
5126
2674
4077
4473
1761
5710
8766
4858
5602
6964
272
670
2212
8044
3797
5285
9063
8129
409
1388
8891
7440
3383
9976
4811
3937
7002
9973
5383
973
5361
6862
9999
9438
1335
8113
5148
102
2971
750
3418
9595
7772
5630
7640
1569
7267
3055
9698
7676
795
8589
1469
4179
4917
2632
4468
1920
2605
9852
9245
7966
3066
5596
7404
4401
61
8904
855
9384
9654
4273
8980
3778
6255
2972
5347
3522
6027
5045
7551
6822
9986
9020
7353
4903
1652
1822
3175
609
8026
8772
8575
1092
4369
2331
1845
4430
1235
2701
3815
7241
3326
9147
1019
9582
2119
6366
9456
8146
7763
7007
1320
7749
2379
8674
9004
383
6848
8532
992
4874
7304
5919
2318
8025
8250
4163
8808
9485
3216
8975
6726
6543
8122
7745
2477
241
463
8285
4739
8226
5293
2411
2327
4024
7437
1332
4408
4285
9864
1752
5511
7168
7672
7829
1546
5922
1993
354
5408
1561
9329
8486
4456
7451
2584
6933
4044
3047
1571
5135
1274
3216
7546
3601
7240
1336
1285
8000
5621
1149
9753
7485
4670
7425
5314
6216
9699
7307
2922
5107
5221
2251
3594
9677
6054
6178
2963
6450
5577
4534
1585
3203
7750
5483
6805
1342
6819
4442
9343
8793
1944
5448
6278
6614
2873
7944
9182
2572
1604
8456
4032
6825
707
3978
6502
3113
6508
9465
9563
2085
3999
1148
5289
8101
2983
8446
9444
6155
2888
5139
1300
1184
587
3930
7798
3460
1874
3332
2384
3478
1788
2768
303
8847
6746
3158
1960
9606
2623
7875
8044
2975
5375
3333
7428
8359
8131
3224
866
7371
8363
2166
8556
8950
6096
2706
8762
4322
2391
1147
4153
531
267
4456
5731
3366
3966
7691
2972
2942
1919
1016
2269
7294
701
9697
5653
5184
2922
2871
2556
1285
5037
7464
236
7485
170
5350
8160
8913
2849
2313
9445
3117
3121
5176
6483
7088
9219
5807
30
1138
6824
2299
8433
3877
8348
438
9062
1270
3310
7970
8908
4699
1786
5496
8537
8308
846
6697
7222
3696
9010
3019
3165
2131
8195
6000
9219
3766
1807
5601
1257
4983
4252
6042
8861
2601
6480
4275
223
6142
2245
5483
7194
4031
979
5731
2339
8178
2428
5913
8226
1438
8932
1391
3569
3479
7391
9141
3598
5550
4742
4855
534
8995
897
9395
7948
3729
22
8171
6224
8619
3655
3418
9002
986
9149
1341
9164
1577
3607
3742
9367
2539
1485
9288
2371
5228
8429
5969
779
9524
824
1313
4871
8073
7060
9171
1802
7082
7342
8026
5701
7349
7796
4703
8336
6945
2396
3852
4874
6003
3947
4241
4895
5432
9882
3618
661
4663
9587
1440
4187
6763
9105
5410
4836
6165
4581
2990
3247
8276
1017
5300
5625
5165
6355
313
2111
8751
518
3337
1107
4465
7579
2354
9897
3813
5972
558
8476
1911
8350
9016
8674
7455
4426
3510
3620
5360
6500
3219
9988
3869
4871
5613
9035
1226
2279
7498
6330
9149
835
7437
3614
4766
6143
9863
8579
2115
422
7056
4026
5124
2424
9052
2580
6850
2562
2552
8562
5414
5772
8550
9284
6995
516
4671
8222
9147
2169
4552
8296
9356
8341
8262
4123
4484
8125
9054
2951
8547
6110
3329
3672
8534
8733
2604
1737
1295
5156
6651
3061
7280
1554
8697
4276
8422
3368
8850
7569
1889
9754
2217
1246
8095
479
1721
8931
8604
775
8234
3504
3238
7915
3528
8124
6648
6132
6213
4295
7640
2865
7356
4921
771
6054
5549
9193
5774
4399
6762
7664
4153
5331
5262
8600
5810
6983
3883
4414
4110
8469
4270
7348
6384
7798
1825
9384
282
8038
3679
7923
7255
1035
2844
8026
3441
4745
7219
9216
9144
333
6880
9649
5664
8494
4601
7826
1829
8484
8593
5939
6953
2863
9640
9689
662
7817
9073
944
5855
9104
5219
3111
6491
4415
1137
9933
9160
4709
5501
4656
1394
8733
4305
7059
7227
8906
1237
9056
3742
9830
1347
7047
2694
7339
6736
9708
5156
2161
7004
1012
7617
2224
475
4109
6639
7964
394
2152
9025
5895
6808
420
980
1114
3831
8207
6372
5068
3615
115
4899
1314
3514
7593
8654
251
3653
162
8764
657
7526
6382
9233
8001
491
5873
2318
7237
8025
1343
3132
1185
1763
4112
8651
5594
8671
5024
7015
8638
1491
1914
9952
5005
5859
4958
1608
9512
5121
373
6521
2647
6755
5755
7001
3598
1628
9319
835
6005
7014
319
3542
5130
783
2194
724
5806
3570
7739
4444
1413
6005
4396
6418
1864
5707
4379
7728
7180
1104
4250
6179
7859
5
3180
7809
7985
8851
4996
342
2218
5315
3884
7348
2450
6078
4424
8256
9648
8516
2700
1061
4521
3448
3832
2738
5507
4563
466
2687
5667
1068
8867
9878
1073
8399
7687
9058
3603
9035
9400
5821
702
9637
3169
3152
5715
3945
7760
1716
2461
460
9129
6983
260
9313
6073
2120
3876
6539
4807
9543
3960
26
9421
5033
8426
3460
444
8381
2495
6196
4202
3197
5833
3723
6349
7901
7668
4109
9617
130
921
5098
3465
7534
4412
9538
9654
8288
2429
813
7832
6389
840
3605
1423
5618
7066
8219
3999
9561
4415
4553
2759
6601
8276
5460
4502
2296
5922
471
2426
6843
5569
2243
729
6333
1781
6735
4622
563
3901
8806
6952
4741
2411
4727
6711
9477
2946
7062
5391
3714
7967
8150
315
2595
9962
1169
4891
5884
1640
3670
9080
3561
5913
9809
9895
4047
2897
4517
4610
6798
9675
1562
7891
8438
6290
954
4268
5588
8016
9659
9302
5983
4161
5969
8578
4123
7138
9821
8
5130
3491
9088
8692
9405
5249
8587
9804
8146
9456
4414
1296
9131
5976
9187
7569
8618
141
8189
559
4509
7848
6213
492
2009
2183
5422
2485
5673
5244
2493
804
5087
7933
5848
844
3182
4435
648
7681
243
5062
8977
9374
7391
8165
3295
2361
4658
1485
2920
9168
5685
9134
6012
4047
7669
1435
6532
9694
3031
9025
498
4470
6958
2698
5315
6492
7133
5963
525
7376
1026
9503
3102
4769
4020
2750
7130
8678
587
51
4198
6272
5537
211
319
9558
7998
6851
9252
7381
2228
6103
1851
5538
8801
7166
8383
2287
9482
8908
9663
508
8411
9118
1629
8783
1868
8759
3814
8807
5162
8012
5079
699
8223
1751
257
2573
4954
5862
9954
3535
1965
8158
5425
7118
5324
3808
9405
4806
2717
5421
1666
7480
4539
3295
2616
2759
8407
6430
1566
3569
4442
2997
621
9018
1100
7230
7943
2407
3092
7898
5942
1409
2408
1367
8528
7732
1528
7933
8891
4245
3354
6909
8077
4245
6557
693
3356
4964
3475
4922
8533
4270
4272
5506
9640
1724
2737
7583
4131
2181
1833
73
3591
4241
7793
2119
8326
9321
6404
7217
9918
6111
4126
4347
356
683
5041
65
1999
4868
4987
6885
9138
5611
2391
8778
7336
5128
6362
7819
7310
4547
4245
7253
8789
2038
5724
7115
7711
2128
684
7629
4591
1162
1976
4948
1846
3369
5013
197
8238
6352
7082
3728
8316
9474
2507
2004
954
5221
9823
8264
9768
4068
1869
8557
2458
7593
2024
169
6074
2708
4150
665
3871
2479
1965
2069
2200
3330
2266
6790
6035
9349
519
703
8823
3026
2707
9777
8247
8882
4394
8015
9303
2615
2925
1761
209
4949
8283
2635
7658
8785
3300
1529
1264
1618
3598
9817
4948
2216
6607
7335
1565
7126
8038
6740
152
7097
2870
4751
5980
7264
2767
1635
9879
5692
3396
6440
6993
8031
5427
4651
6817
8728
2532
4433
6698
2482
4250
7998
4699
858
5334
2616
4336
9724
9357
4489
6822
2227
9240
9154
5843
8359
789
2074
403
537
4867
7397
8569
294
8400
1738
5374
933
6171
2072
3415
6774
6423
4466
3984
1757
7083
8320
7833
2792
9161
4655
1371
8402
161
7214
3113
950
5640
3517
7840
6859
7266
6409
7154
5666
4499
2528
6599
670
953
6367
3796
7376
7185
4132
5485
4268
2453
3318
3412
1614
4326
4783
6368
4487
8349
5834
1790
342
9351
9630
7201
2969
2391
4355
8635
6890
3236
1587
3912
541
4306
7709
4269
1491
1841
9754
2112
646
9424
5524
8613
102
308
4981
942
5009
815
2732
5351
6518
8714
2553
9487
7457
3260
4475
4347
6496
2414
8259
3389
3072
2320
7658
4563
514
7412
3027
7512
3189
8552
6125
3291
5212
1107
4233
221
8274
3317
5573
4793
8383
4478
632
5840
7738
1459
187
587
225
4799
3976
3297
3471
1635
4213
337
5399
7240
7850
8588
5792
3975
8232
1004
1434
2465
7578
9709
2135
9503
854
518
3981
7838
6359
8071
5650
2898
8658
5875
4049
8987
5525
7521
622
9738
7858
2373
6978
2060
7314
2771
2388
5546
127
3822
4363
7705
9883
6498
3560
7089
3369
7541
1280
9728
1965
6930
8978
623
9157
3028
9610
4682
549
6584
4420
4759
8958
1399
3172
2624
522
5560
8170
7001
5734
8885
1059
5618
1736
4619
9059
5105
8513
6691
1185
478
3621
163
7453
9131
3191
7064
165
92
0
4586
1204
5310
2337
4376
7934
9211
6288
6104
6212
2022
1342
7271
3992
3078
8243
3052
8183
6756
6095
9368
3586
6069
5883
1039
5200
9075
8103
5365
9167
4456
6303
6723
9766
8640
1099
7701
4203
7387
157
416
5762
1499
4039
9754
4577
2282
9158
9112
5390
5254
8480
8976
1323
716
6368
2875
9791
4471
8240
5310
5279
896
2034
5046
9536
9485
2747
92
3225
2904
508
8987
4404
899
5093
5333
9534
604
4446
1276
5858
9278
253
3533
9994
6621
6408
6137
7444
1000
1448
2724
1896
9834
4122
7785
5671
6869
7877
5248
6125
4737
587
6881
1988
5681
2215
1522
6285
3013
2799
8495
8643
9404
8380
4990
2377
4788
1127
6173
5788
8927
5249
4037
5113
9371
1822
785
6240
6051
6033
2366
788
2973
9247
2776
8654
7814
651
1291
827
3450
6138
5823
9206
4518
813
1583
9306
1940
4108
1446
7220
9358
1835
2333
8729
3657
9470
1322
6060
1856
3688
6848
4829
9287
5977
9835
3454
2980
1126
633
6430
3616
6456
1988
8134
7269
9923
3792
5562
4031
1590
2782
3389
3426
1467
2119
3435
938
9793
9496
9146
9833
2696
3975
9120
5025
3810
8926
8005
1288
9560
787
4904
6016
2775
9390
9638
2698
3182
5200
3082
1124
4334
6471
4550
2153
4942
4338
9443
4735
186
8589
4568
2882
2564
41
4260
2726
8967
2265
366
8527
3053
1622
896
2180
1012
534
1231
546
2086
4313
1671
2772
7136
2573
4925
2079
6911
4369
3166
7097
2958
7735
6332
1875
4128
592
953
3095
9209
1320
7975
8614
2942
8871
795
3955
5757
8378
853
7843
2691
2524
6967
9827
5098
1892
8258
8361
6261
1425
5459
5572
5512
8143
3799
9640
8735
4752
2735
7944
6072
710
2911
5367
5933
3706
5674
1690
8436
6527
5885
1127
9052
2852
7306
502
1097
1917
8863
3710
3342
674
9282
8854
8817
9433
8494
3904
4186
7581
8201
6610
4644
1112
8329
577
1170
4003
8620
9606
531
4505
7085
5935
3710
743
2789
4807
2660
1652
8517
2354
8679
4152
1208
7496
3585
6054
7753
4123
3636
5954
734
8280
7066
9063
5209
4588
9419
3829
4194
9950
4687
7631
2237
8397
8374
5026
3204
1035
3030
8073
3389
1709
2225
950
5558
5811
3356
3311
9934
6992
9265
7020
1624
2683
2436
6834
7271
1855
7015
7817
1805
1702
5448
394
6451
3822
5420
9655
1209
4802
7729
951
6512
6306
1901
8422
2117
5257
1733
8404
8602
7350
5424
6578
33
4212
9764
3656
6067
6780
1473
4224
4834
3273
4618
1286
7095
6390
7293
4657
1193
5022
5608
4057
7681
3861
2479
6150
5470
564
4554
4072
7914
6331
7003
4299
543
6767
4307
2963
3547
5780
7187
4734
9053
1806
6020
2500
4548
3313
3509
2093
4688
9117
6150
2369
2978
4981
8519
8449
5545
9426
8873
9811
2109
5876
4110
9004
8996
8417
1967
8895
549
9155
3629
5954
7313
9649
4807
1861
9315
8316
307
4003
3786
6457
2724
6764
7791
1243
1565
9688
7021
6791
9500
9130
9019
9962
8135
8015
4732
6454
6911
1633
5609
540
3940
9274
6542
5099
1136
5857
3415
1443
6212
7201
4252
8936
318
8395
6531
8235
8084
3553
1378
3936
9035
398
250
3522
4765
1334
9977
1676
9320
1938
8569
3260
1213
1463
4711
8701
7320
8126
6496
9884
1680
748
8820
8350
5496
5351
2937
3580
5256
4316
3868
644
4714
470
4166
9479
1805
495
7508
7477
8786
2429
7089
9999
3892
1800
8700
7564
6278
1548
7448
7958
8648
6268
2660
4144
7971
5598
4076
3228
9914
7944
3872
980
8415
4390
6811
6572
4886
4319
4049
3672
3100
1138
23
6992
2938
5075
4556
5568
6623
2004
3527
5271
4624
2539
5768
2596
8137
9844
2176
4403
7789
6048
5383
2556
6790
8547
5480
8028
9218
5881
1700
2319
3371
8075
9311
2661
3150
220
8229
6125
8576
1756
7749
3201
648
3517
5797
8785
3361
7973
9541
7502
373
1276
58
7163
9823
1890
1544
9042
7771
9596
1361
1142
7672
7024
3803
7174
7244
2033
3300
5821
141
7401
5374
789
918
1171
5927
4279
5496
5468
1782
2221
6744
8192
5736
2920
6435
7280
1962
4206
6877
9675
1701
901
6699
1856
8075
296
3889
7727
6117
383
5128
1491
7524
6046
9014
3451
6678
862
5271
8460
3083
8368
3004
5171
7640
9439
2452
9602
9998
5681
9277
8051
6582
2328
9907
4657
2624
3797
2385
5093
532
3865
2936
8056
9912
8302
7860
6590
9164
9483
1402
8599
4203
758
123
1843
6550
8927
7797
6548
4608
7074
4599
7542
5755
4506
2199
4731
4655
936
9825
1539
1154
9113
9596
1066
7416
3808
4008
2932
9643
5410
7884
3847
6168
4359
5690
2718
3286
3488
5618
4246
6914
6569
1788
9021
7428
339
3753
8435
1276
9930
9975
2430
9043
5923
9848
2811
6083
3856
2096
5726
5618
9980
9573
8138
4339
1616
7209
3977
5104
9179
8223
8370
5749
11
7392
9529
350
7497
7964
7978
7427
4291
6760
6470
214
6608
5634
6297
6816
7730
2024
8786
4062
7949
6925
4753
9565
486
8730
1021
9665
6953
5744
1766
6964
3136
1295
3666
6985
5612
1645
4412
9903
8405
7234
6470
1366
2868
2767
8182
6950
1143
3321
1012
9093
6598
5765
5010
7084
4495
6032
3101
7800
1776
1220
1116
1264
2515
4783
8249
4479
2780
9013
4383
7537
6247
853
8903
5468
9972
3438
8770
1116
6759
9783
6561
3357
1900
7923
6793
6396
307
9894
548
2083
1114
8017
9699
9982
2800
4300
4461
1932
3313
5196
9469
5913
6049
8373
7733
6022
1811
6503
3490
4922
6286
6403
4631
4539
4326
1424
7287
4634
7670
7835
3069
5137
5852
9121
5119
5004
3421
5932
6936
3087
7481
6406
9000
3530
1131
3085
5904
9294
9588
5746
4216
2227
2149
8847
6766
2828
6623
4053
3814
4293
8240
3235
5782
445
2356
7253
5449
2130
3186
8738
5217
667
5144
569
549
2627
3654
2806
1921
9594
8552
2489
1821
7054
7688
4939
6234
663
5344
48
4956
3585
9635
739
4030
1992
4344
5831
474
7530
4569
5691
4549
6065
6260
1451
8692
9914
4257
6965
9508
9161
5806
7682
6215
3494
8973
2449
4157
4318
8849
5466
4255
4837
2557
4637
3181
6901
6820
3655
784
1390
9346
5333
3807
5606
3136
2500
1872
7393
5817
7732
2907
1624
1766
9122
5118
740
7924
5628
1410
3125
1094
2017
7962
3
3006
1143
6904
9826
1150
7688
7568
496
9374
1376
2454
8862
228
678
2608
6045
8411
5515
4021
177
4637
5492
7269
8913
1120
8679
2039
8566
7048
6353
8569
54
3849
1825
6233
4999
5866
3801
5496
5240
5177
4302
454
5405
4981
3062
7803
9744
8577
1824
6273
3215
3668
3543
8480
4788
8574
519
9706
5623
6873
4627
5677
722
6453
1910
2073
2319
2064
3921
3911
7241
8224
4365
8999
9557
3780
3154
9301
2357
1330
5574
1924
4999
5469
405
6139
4044
7276
5846
9667
501
473
1696
1223
3278
9959
9649
1949
2023
3570
5860
9264
1794
6578
4615
7703
358
4121
7004
2715
5452
8931
992
451
4400
1397
2942
8444
8673
8788
4463
9175
5614
6160
6750
8892
6119
6399
842
8142
6322
3054
3758
8116
5984
8374
2172
6342
2495
9176
5410
4299
4459
2754
1102
5212
4151
4045
8
9176
9185
4472
4703
4799
632
7806
44
3103
557
7238
1245
6879
292
1355
1348
6277
9729
3520
8971
8577
9048
733
9228
9860
3487
331
5072
3990
4376
5080
3167
3561
5904
4222
4713
6536
8380
4757
5991
5290
1995
7236
2169
8639
4944
9869
4916
1025
9741
240
9602
8790
973
5183
5002
4461
5514
74
8451
6242
1506
7970
9803
7411
8545
868
299
3277
5625
2643
8567
3972
6231
7089
2612
1175
6958
7528
2201
6700
4120
8155
1842
5094
3338
3196
5907
8852
3270
710
5094
1128
5033
1250
4891
3578
2118
1543
6855
4096
4186
1775
8068
417
8864
680
1593
5822
4561
3794
8874
8681
1949
7068
127
1640
264
6034
492
9886
3097
1939
7367
8130
9541
8610
1708
1659
153
4915
2107
691
6690
176
1109
5554
7208
9054
7729
8121
9200
2955
6803
7501
6376
3282
9141
2992
5669
9634
9231
8766
7925
6598
6896
7466
5208
4956
5477
1714
6223
7585
2405
9266
4113
9866
1172
7673
8920
8901
5795
8120
8209
8950
5622
937
2232
4763
281
7901
749
9512
3019
8674
2462
6267
2492
4023
1223
7970
5737
7447
1907
4494
3065
2372
4361
4237
45
3281
9491
5840
7754
7700
4790
3376
4989
3375
4491
5270
7628
1593
1135
648
6619
3597
6915
9112
7620
4491
3434
9709
8290
1693
4204
1355
4065
8565
5592
4110
8198
5083
6303
5952
9135
7445
5680
4124
7172
172
5747
4801
1765
6882
1801
8384
479
5068
3848
4452
5911
7282
513
4201
8975
4717
1908
9392
9634
7501
9855
4185
8936
6158
137
8072
9955
5818
8548
7128
2342
4295
8281
4107
7529
6434
8843
4361
1502
9044
8813
3766
6326
9326
7967
1654
396
6228
7398
6382
81
7253
567
9017
9763
705
3441
9719
2875
8342
3199
5217
2637
7832
5676
6519
4266
871
880
2120
9915
6045
5886
2594
5371
206
600
2119
6434
7998
8502
6515
1604
5421
1884
1367
2478
5326
7438
5353
3668
6989
6922
2657
4821
8950
9176
9087
9822
6408
1208
6089
2453
3446
8683
4177
3652
5635
6296
6438
9986
1150
2953
1590
2924
1190
9309
5402
6516
6748
7108
6536
89
4030
5545
4911
2981
1074
3998
9155
7482
1558
5244
6288
5005
280
465
8657
2267
3113
1448
2253
616
4401
195
3540
1943
9505
8942
8459
2605
2402
1347
2694
6433
6893
7605
5766
4319
7956
1273
1801
9514
2869
4441
871
3149
4906
9529
1769
8020
977
4022
8636
1730
4218
8528
3674
75
7470
8485
2680
6225
6185
1726
2658
9430
9332
4776
3749
7288
6049
1902
3154
8918
6344
4026
8420
7602
9907
189
5622
7236
563
610
5318
1133
9138
5344
1208
2961
3830
240
9186
6367
1967
8196
5797
1299
9324
5898
4939
5373
4152
4445
643
496
8471
5415
8099
8378
1956
73
1966
8872
7036
7285
5
2526
2629
1214
5487
2811
1454
1025
9178
3421
5573
1327
1072
4897
7225
2363
6622
1378
6809
3618
8226
5280
9033
2677
11
7342
9103
1977
6214
6139
5614
6219
8665
8244
3785
505
1055
1592
7882
6586
1365
3456
7913
2438
8353
1491
1153
1328
9221
7962
4946
7447
9595
331
125
5958
7673
9228
4287
3887
1719
9902
6459
384
4498
244
7241
1905
1836
5124
8491
9554
4932
2757
1992
9637
600
9497
965
9821
3812
5911
7268
3407
6243
3745
5717
268
9325
4
4156
1044
6258
6967
7781
756
3563
1374
2662
5400
6498
7505
4954
7782
6614
3298
7420
7214
9147
8385
3387
2959
649
7008
6366
3244
7105
2083
3512
6431
8440
4020
3827
4698
987
7960
5455
4551
9335
4469
6303
2185
8326
7609
9968
1293
7259
3740
4859
6406
8477
8247
9366
9126
1607
2084
2370
8712
520
5883
1495
8960
9903
5323
10
7243
9635
1817
1794
8970
2638
8097
7508
965
2058
3828
8610
9317
7568
3469
5723
6045
8068
1441
5172
9675
9878
3894
8388
398
9777
9883
5710
6033
1558
5720
3276
1194
7538
1422
6516
176
5871
4024
7493
7929
7852
6103
7246
5420
5925
9321
7818
3993
7115
2990
21
6993
6884
8409
7391
3014
4644
9453
5399
2555
5173
8675
101
9063
6449
6617
9240
2320
642
3085
249
4846
9189
3847
267
5114
9520
8085
5459
6635
7427
5480
3628
663
241
7371
29
1238
6824
5428
3793
8350
455
3894
7413
6904
6863
3005
9224
7505
6091
5825
2352
1632
9672
8971
6746
9193
3408
8557
2180
835
4038
5809
7850
631
9532
7880
1869
2709
9660
2014
1059
116
2260
4824
3372
9124
7830
8949
2981
3921
1126
5333
5553
799
656
8651
6344
4064
7208
8524
1251
7598
685
9102
4582
6570
3334
6451
9279
2994
4818
6690
9462
7078
7866
9187
2554
5696
8136
5536
5969
5614
7221
7874
2765
4230
6525
9109
8294
86
3986
5898
4036
1023
5000
8618
7593
8334
1422
3224
7680
2592
6266
7143
6022
4133
6330
8577
9829
818
465
2151
2784
4038
25
5550
8268
2903
4659
2915
2989
4997
8813
3377
6021
3813
8348
9966
8499
9770
3191
2531
2362
9457
9674
8384
9942
2356
3313
6124
9526
3778
8275
2311
4169
8300
7861
2437
7555
8872
5352
6896
222
517
274
6243
682
8622
2561
9181
4744
5752
1713
7106
1562
7739
1842
7856
6448
1508
3980
5974
1638
2255
4637
5807
6908
8850
4597
4463
4075
9949
1360
4297
467
7986
6892
1149
6608
9453
6683
1352
1558
4748
4810
9472
8839
3004
7328
1639
864
1309
3966
2503
9916
8603
4662
3176
3806
9259
7640
7881
5561
5352
8530
2380
9690
5422
9881
6298
1227
2916
4002
9137
7664
5164
8609
2856
4520
5938
4495
5385
3599
8461
4240
3515
3417
8902
6692
7223
4514
684
5104
75
2388
9986
2455
2078
5408
2336
4728
2987
1605
8730
2125
5621
246
734
8477
1118
3024
9325
6503
6623
7786
7095
139
1203
5998
3183
4778
512
3867
6234
6939
2607
6220
9394
4685
7980
8082
9413
968
6039
4495
3093
1661
1093
179
138
2211
3204
9463
5067
9827
3602
2162
6318
1157
4512
5853
5936
5024
6072
2170
8315
8679
8391
4061
9716
2723
8496
9129
3691
4535
9976
3136
6196
7421
3316
6335
9633
2872
2150
4700
9051
5752
6862
5370
6910
1375
7575
9198
2751
3648
1368
1067
2327
6111
5128
2044
8835
3624
7525
8878
4512
3854
2015
708
1275
1683
3395
908
4555
5546
1960
3606
7650
8823
5328
4560
6550
2904
110
5653
6552
1479
6720
8879
3942
8201
7275
9129
8177
1153
8008
2689
5007
6375
3398
2634
8058
3145
9895
2613
8691
1855
6219
6342
7030
1548
7254
3580
804
7365
9234
7356
5196
2306
2587
5490
6859
6215
4620
5037
7368
8980
4078
8727
5355
3828
1361
3413
6974
1256
2378
5665
3112
8597
8359
6494
6497
1966
75
7301
9331
5661
1009
879
7967
3597
6369
1179
9812
7341
6216
3532
6321
6646
2259
8028
475
9972
1441
3801
7581
171
5818
7045
8769
4178
3539
1618
2496
3614
5272
1827
5627
6281
9058
9947
6230
1779
1126
2394
9121
3694
5926
1794
340
4537
9823
7167
4510
7616
968
2091
7788
6787
9136
2909
7317
2675
879
9813
2642
2503
7992
8269
8785
7050
4568
1367
5181
5694
3762
654
9388
6040
2449
6081
578
8624
3248
1440
2592
4217
9883
6732
1004
9019
5993
4673
8046
6873
4486
7040
5728
2478
1662
4513
5880
6230
2233
1061
1925
5995
1716
7665
2035
517
3746
8965
5493
6995
405
8085
7564
288
1170
4920
5659
7163
9593
3706
388
4079
7098
6117
2909
8760
6982
5141
4991
9215
6202
3268
1562
4270
7285
9950
1139
1032
8915
6632
4379
9321
1070
1943
5961
2240
6863
1621
5755
2808
1679
6144
3239
8777
8613
6148
3890
5595
1289
5233
1163
3843
8501
2725
4466
5786
2675
5605
3170
7943
2238
7549
7264
9660
5844
3225
1900
9059
1198
7655
1867
2877
151
5106
1655
8764
7606
1897
712
5247
7130
1875
5443
1983
952
9909
7769
9980
1866
7292
7923
456
1193
1539
116
7038
1116
2016
6097
2315
6024
7965
5192
6175
9423
3199
4940
7030
5096
2004
8629
2226
231
4072
4209
1183
3981
8331
7515
2200
5623
5438
2656
6816
3329
2773
206
4446
4789
6304
6761
813
621
1953
3341
6396
5153
4633
3426
249
6637
8408
2476
6868
2480
6685
4403
2814
1368
1919
5014
6991
3709
7670
160
7039
443
366
1485
1585
6670
8246
8750
3643
6551
2091
40
1704
6724
9818
1954
3361
8226
782
6581
7059
3819
985
9873
5188
9256
1239
2179
9317
8909
8691
6356
5705
9058
4193
7290
2080
2439
2392
2076
5343
4484
2116
7047
1208
8286
5353
922
6513
6135
3855
9924
9955
1192
9797
1495
448
1036
26
9766
6297
8718
2474
2002
7776
6668
5644
6208
5459
8037
8284
802
2521
400
7850
81
5039
9555
7355
1552
5691
1211
7828
1998
2403
7625
3493
9204
5013
9871
8970
1310
8589
7796
9665
2717
4464
5309
8926
9924
3346
7210
7078
2219
3963
1280
8653
9002
836
6008
6906
2879
3571
4734
4877
2327
8711
4722
1531
76
4593
6853
7738
9535
4649
7403
2252
9114
9065
1178
5390
8763
4741
2468
7335
5056
101
5988
4058
937
1996
7316
3816
1920
8402
5045
4247
3465
6119
5778
3541
7064
2631
1279
2951
3632
5035
5204
2746
452
2734
4488
9215
3827
3309
6550
8883
3410
8890
9293
699
7239
6609
867
9159
1363
2264
3406
4828
8383
5536
8369
1799
4519
6001
4751
8151
7388
6307
7250
7840
5393
1738
7055
9221
5047
9958
4456
4809
8848
3750
5508
2439
6711
6375
1598
8075
8639
1356
9255
3374
6892
7625
1526
1411
9978
2629
5915
7366
5288
3165
5206
681
4903
8613
6254
6303
4923
711
1112
124
4461
2973
2563
1172
5700
4162
5599
692
5518
4855
4066
8763
8832
1944
6526
8810
925
2441
6176
6213
5606
7734
3247
6862
6347
9501
3165
1271
212
4277
1395
4673
3602
310
2198
9303
4472
4149
9995
6343
9004
413
1458
4188
2358
7984
2998
9635
6778
5526
2201
8736
3260
5448
5598
5960
4949
8763
3583
5162
9393
1330
6187
2995
1640
4737
2298
2465
8887
8645
8808
4243
9059
6618
8432
7769
4602
7782
7404
7732
3309
9605
6469
2921
5053
2067
8881
6355
7183
2464
7869
6576
3794
4056
5923
1787
8794
4574
4252
4033
3219
9412
4628
8630
6030
3060
6399
6984
843
3804
4717
504
9761
1186
9777
1167
3253
8659
7522
6788
7475
5391
3364
7622
5799
5640
9409
945
6566
3661
4978
9785
3073
9607
4768
9103
9019
1167
6087
6214
1323
7156
3070
1085
8342
2848
2252
7948
1507
6126
4736
5334
7869
4453
2956
3668
6445
8717
4614
3011
2378
5944
9148
1803
1903
3916
7258
7275
5084
9698
3489
2759
6854
2912
3844
1549
5760
2448
5849
3619
4926
585
8953
2795
1390
8262
6464
7835
6979
7430
7198
5710
9726
6347
3865
7982
263
1124
5257
1699
7174
5098
4459
380
8010
4655
1929
3770
7104
7778
7389
8382
4716
2695
1178
6106
957
3994
294
7936
1424
7492
9998
7502
191
3864
5484
6807
1340
741
8506
8514
2192
9317
8894
202
3973
7176
325
7429
1306
4066
5811
6022
6761
3341
8481
7718
7335
5127
2007
5111
2619
8357
2614
9163
2221
8098
5970
3561
5192
828
8427
7384
146
7322
7586
471
850
4263
4252
2156
8330
6415
8179
5091
9757
3012
9162
3444
8139
7521
8556
7110
5878
1170
6273
8100
9268
2243
8013
812
9424
6441
8196
9570
115
2135
6393
965
6398
6997
3121
4728
3412
7652
6172
9521
664
1686
2966
8803
9207
1522
5914
1437
9044
8539
5889
4664
783
3903
5477
207
6696
3673
6129
6811
5808
8874
7776
8559
5871
7249
3287
5635
1254
5811
5157
1918
7497
4475
7074
3056
2349
9340
4494
1393
7879
383
6057
5014
638
7886
1573
7334
1560
7702
4145
3720
2928
8273
2279
5151
1875
1919
787
3129
4082
2296
1399
1580
3123
8473
988
5472
4165
5482
3217
2045
2218
5626
7059
2856
3513
8633
6543
1425
2687
7040
1497
1968
5314
3777
7119
3541
2048
7906
6670
6130
6554
8069
4062
9677
2895
5051
1501
7060
6885
1070
5457
9103
6697
8869
8312
6562
7502
4855
7987
6541
1895
9484
8509
3561
9613
5629
7102
8013
9887
124
4144
2794
4546
4558
2471
3793
9609
325
7205
6495
1395
2663
5598
8092
1532
262
1006
5386
1469
8993
1927
3365
4830
6789
3278
4443
8770
6733
8809
8657
6857
2953
1451
7755
7511
275
1548
3473
600
8754
9968
8347
7769
1918
6440
9301
8533
3798
4687
2
2792
2966
9719
3974
6107
2998
4769
4877
9731
3578
3535
2940
2883
1338
696
6747
7965
2244
220
8565
7350
6540
3265
5119
4810
9705
4420
3343
9855
5459
3346
2647
4778
3065
2973
885
2415
7743
2115
2146
1321
2002
5087
4205
3340
2135
952
7658
731
7524
2575
8082
4064
5840
3201
8874
1897
3974
8570
1753
5785
1916
752
6915
1333
3726
4153
3749
1469
6268
2247
9142
8270
3686
9699
7962
5821
7003
5620
6553
4527
8196
987
4943
4036
4188
170
5934
4514
8740
7687
6652
7008
8439
3567
8341
2165
7720
8442
9986
3988
690
9129
8610
4376
5180
6573
6550
2184
2193
3103
3063
389
442
4359
4426
4630
4529
6712
5497
9621
4399
2149
6629
2838
2068
1322
1356
9789
6117
1342
129
3159
6823
8740
7535
8356
1665
437
6892
3858
9892
9955
4248
334
4314
5026
1317
5195
1738
6814
4816
6137
5315
7797
5327
7383
5472
3035
3524
1589
730
6
4748
3905
5098
8635
2261
6763
9073
9153
621
5317
5461
1221
5652
6127
2599
6969
1323
4337
135
2491
6826
1802
289
8506
5537
5761
7893
9062
3702
8623
5420
8450
8881
518
3437
1142
3633
8862
6648
606
4180
2109
8180
9832
8236
779
3153
5911
1469
9640
8403
8295
1442
5044
3153
6979
7157
1047
2393
859
6022
7813
5661
4903
4683
5450
2398
4668
4313
9046
5275
8493
7507
3455
4677
2095
4234
7830
4359
5703
7470
9114
351
5264
4158
9856
2243
7667
903
4637
4878
3278
8802
539
8181
3486
5989
6931
8154
6654
2329
9781
5147
9836
3236
9824
8284
3823
4006
2643
5878
7828
1757
2581
3092
2267
2438
5336
9934
9693
6325
4812
2971
5127
1703
7505
4965
4044
4436
9472
699
6766
9253
2198
2954
8842
8375
7590
2665
2381
233
4895
210
8342
7477
9654
609
6267
1342
6895
5960
7667
8059
8932
9147
6114
2789
4112
159
3577
3584
7210
6695
9190
5760
9650
8032
4135
7240
697
2869
3826
1944
9431
8520
9421
9085
9130
5688
428
2377
8001
4447
437
3285
3594
2903
6074
4059
3062
9651
7643
6624
2699
3185
8737
2349
1217
2872
5941
8266
2093
6119
211
1524
4640
5984
610
122
8025
7390
8851
6026
8189
5640
9311
1784
8544
1737
5843
7958
7740
9838
4583
439
3024
3320
9140
593
2544
1434
8860
4638
7553
9071
6162
8545
1407
3124
8667
9432
6866
3871
5458
5056
9511
1121
3192
8055
2858
9035
6014
6951
5225
6949
7390
4601
6621
6531
5195
9165
7965
4055
155
1870
9478
2670
416
885
2146
5435
318
9013
9306
2128
421
8818
3250
3613
3225
2460
9000
9239
9411
4225
6188
3154
5179
2809
6037
374
8327
354
781
8482
2224
259
1152
8992
1144
3299
780
7814
8664
6438
9943
9085
1608
9545
9050
4834
8357
8050
4073
7769
8627
6614
923
3806
5775
3312
4180
4102
3666
1313
8937
5890
1572
6441
1235
9069
9740
2015
3235
4756
8453
9530
193
62
9075
9243
1248
7433
7293
5321
1554
2273
8287
8829
6079
4063
2141
6612
4517
5807
7925
3454
8049
5850
9896
9284
4919
5988
7651
4506
7097
2457
4037
7290
2519
9464
6534
3767
6897
179
5440
4803
2452
80
3632
4884
4143
2125
1496
5012
7932
5773
8467
5982
1623
4715
1618
2894
703
9270
3753
4152
1727
7790
1443
598
7254
7977
717
504
4508
2509
1659
3313
2589
5292
8197
3084
7417
6045
8097
1702
1818
6564
4036
9794
7631
5654
9040
4686
1276
2793
8839
9355
6935
282
9953
4190
4611
7022
1046
9119
9532
2705
2432
2121
4349
6981
5206
8119
3026
3303
9821
4845
6219
209
991
3850
5863
31
4888
3492
9177
3727
2847
6112
4009
9153
6654
4972
6175
4052
444
2059
3110
2876
533
7459
9858
5739
1930
9236
5394
8103
4081
7965
8312
1424
8167
528
7808
3055
4020
6985
3135
3219
9449
3496
2372
6104
8469
4900
156
8913
3311
9618
8141
3844
7078
4351
5935
5360
3588
7681
3464
4021
5646
1776
5446
165
2304
3254
9573
2676
6591
2708
5896
6040
6204
4620
2144
4673
5872
8653
9938
9184
8271
8080
9380
1701
8783
5316
7062
2371
9349
6878
6393
4996
8654
8191
1513
7311
7797
1086
6339
4388
146
2235
428
6351
3208
8925
7376
9080
7578
3667
4616
2201
8099
3997
255
6882
5665
3669
9254
5014
547
1999
6362
5553
6542
7876
9216
4339
5314
5556
8727
1813
4143
9155
8164
7351
4432
1892
2784
8362
5559
3752
6916
3658
7749
7171
541
9766
7192
6147
4781
7739
4498
7495
9644
1040
1723
8861
5379
7038
4417
458
8851
8560
5965
3367
2264
398
1611
5048
8760
7171
5152
5676
7181
2902
9199
4074
9020
6391
6573
3801
482
1071
1297
127
8463
3020
5340
3842
6410
6109
652
1613
1021
6618
1332
3285
3368
2944
4685
2128
6467
9838
4157
0
9092
9708
4075
8112
6100
648
8266
6582
8072
5915
3061
6535
5287
8401
6730
8050
4510
7382
9663
5532
4000
996
5169
3720
292
6207
5849
6759
6045
6358
6759
5137
6066
7186
9601
8518
4187
7867
1453
2259
3782
4514
8794
5422
9268
5524
3472
130
9259
3135
2014
9611
483
3536
3332
7127
9743
5533
238
5788
1891
3350
7277
4309
536
3230
2828
4723
1098
4281
6982
1232
5147
2129
6654
767
4005
6478
898
3264
9614
9264
2876
6449
2800
6208
3577
2543
1741
167
4683
9984
3517
8312
4293
4054
1543
7121
8777
8993
7754
2112
225
9254
593
3232
21
4598
9710
7271
7863
5676
2888
7091
8478
5688
3299
8407
4584
1392
8574
5619
1376
2092
3932
5669
6146
5475
9143
1275
4468
3249
9739
1045
2503
332
629
8877
1283
6692
6148
9146
2368
9036
2589
846
1077
5888
5605
2013
7280
4180
7632
5008
6272
1564
677
2418
7039
6172
45
7859
5774
9785
5257
4629
6469
5886
3506
7752
2578
6007
3250
1299
5043
5839
8497
2472
8079
4103
4485
5359
8283
2118
6719
4555
3682
3749
3325
7074
9921
9722
1285
2047
9507
6542
6677
2329
2429
183
81
5007
6190
9684
2658
7586
5523
1156
58
3603
5259
896
5314
3542
3014
2034
4449
3048
2135
4126
122
2056
3848
7760
456
9708
4302
7133
2037
6731
7316
8470
8091
9859
8154
749
7445
30
1905
3855
9985
7164
4751
1651
7058
4117
37
1507
7166
2172
1985
3640
4229
5834
1400
4685
5542
5703
8170
7579
8786
5486
6049
6877
1697
556
3979
5494
586
5884
9350
571
9401
453
2222
2811
923
2260
671
4441
4432
2656
8081
5013
8490
5834
6050
4032
7889
4220
7963
6675
6059
365
9905
4108
921
236
9603
1507
6120
5305
8430
1873
2110
7004
4685
3033
9264
5356
7474
49
8012
1908
1414
2855
7742
3817
3239
1983
4389
1203
5010
6800
7920
1267
909
8841
1503
512
6700
3976
2169
5130
5849
4279
2134
6886
7313
7751
2242
4787
4152
6607
6695
5566
5814
789
9383
9053
9124
3773
6608
4135
573
4528
5402
1482
9721
6906
8346
6421
882
515
7903
3083
1147
6390
9970
8460
4141
8564
9599
8293
5171
2647
211
7337
3436
9595
6391
8913
9720
9351
3048
293
3880
4802
8128
9953
1708
2826
6375
8942
9694
630
8378
841
7020
8348
5653
1161
6912
5252
5806
8436
7899
6018
5773
7688
5613
2164
6601
1685
7868
6001
1978
1748
803
6458
8053
8864
5637
4428
7806
5331
5059
2536
6172
2079
884
8177
9593
7797
3429
5399
2585
7681
7769
8358
5369
9734
6875
8322
1419
4743
4323
9750
2843
1478
6208
896
342
1845
1677
4501
3528
3088
7037
6052
1519
7922
4229
1112
2071
7659
2864
1008
5340
633
9366
7061
368
2593
1735
8139
7336
2410
7889
6531
3888
4098
3780
4231
2295
5457
5084
5824
8545
2121
1876
64
6395
2458
7529
8466
117
393
5826
1809
7378
5193
5222
4098
7786
6957
2238
1475
5719
127
4358
9607
577
8138
190
2873
3595
5274
5049
8492
7396
3277
4909
3791
5735
2438
8610
2204
2831
4436
4013
6561
5981
5587
660
120
2544
2898
7947
8263
3025
2305
4223
3603
6796
4413
2828
391
9688
4229
5236
3436
3858
145
3579
9594
2583
2189
8150
1766
2978
8516
8327
5311
4103
8987
5431
3000
1885
9730
7615
1263
2036
1838
4866
8832
6252
4046
5575
2292
8275
7163
2080
2133
7308
5659
8079
6243
4201
6230
8009
7179
4746
6337
8842
8849
1676
4274
1849
3562
356
9465
4825
8744
7655
6043
7576
259
89
9504
8903
4716
3019
983
6849
328
6643
4929
6571
844
7511
933
4375
8609
3622
3217
7458
5298
3843
5660
8860
4200
1477
37
2944
5484
2432
6873
5744
2521
2729
4647
7237
5748
5631
439
2428
8626
1720
5352
5822
5583
6285
197
4192
9907
9766
1650
5205
9962
3662
418
4162
1491
6807
3458
6976
9240
6683
2720
8113
5764
3719
1703
1513
9350
2142
293
4328
214
5645
150
5797
8282
347
9989
4541
6466
7991
6099
6428
8006
6517
6942
9497
9676
400
6473
8916
3436
5545
3382
9200
9265
5085
7065
4967
3579
7359
9296
145
9356
5798
5942
3991
2498
2283
8532
8964
274
4631
5392
8280
7500
2334
4130
7177
9086
603
2445
8874
2501
2179
8075
8118
7264
1492
3085
7195
5203
8733
7340
4560
4532
9634
8551
7030
1917
3435
2346
8544
8067
7738
6824
1919
6424
7306
9096
1862
7910
7894
737
6763
73
5164
4881
3690
6656
4318
885
1860
3052
8226
2772
3936
7860
7675
7318
9778
1110
9664
4674
5529
3754
1498
7449
6530
8805
2897
4744
3067
791
1833
9830
7217
6997
1063
907
6
5381
1792
8218
8433
6370
7342
8721
583
5017
6039
6713
2479
2055
1387
4361
5809
2885
1810
2339
8042
1059
7084
7461
8203
8917
3643
5420
2267
4706
2679
8625
6440
4471
6843
1225
7194
4185
9947
7777
5554
2338
4490
8033
4394
5877
8746
203
5114
556
8895
3157
7968
2331
6970
6171
7600
614
7943
6219
1672
622
4844
8112
1445
8039
9338
8639
2224
9285
2768
4130
7975
7258
8516
2369
3135
7262
2573
8250
4171
7820
7759
2139
151
4729
4662
7751
1695
8957
323
9720
9579
5167
7832
7376
3207
3522
2368
1783
9159
5136
5914
7135
2395
4430
9504
1882
1692
8429
6484
5863
6249
4243
4354
2752
5325
9016
6856
3372
7973
7179
3092
3904
2346
7277
7633
1905
799
1
3689
9959
1489
5955
3446
3884
385
2950
2119
8429
1380
8603
645
3981
9199
4999
6734
876
368
3590
4248
4693
769
3693
8598
9467
970
2583
1373
8121
2584
5062
4432
4073
1017
7878
4310
7754
829
6429
6183
8561
1384
6828
2542
583
8180
5628
1459
8548
9218
2060
3241
6339
5753
8191
5807
3075
774
7180
7548
9710
8594
1981
3784
5963
9859
4446
3717
7040
7227
6252
1953
8611
3081
848
9195
7613
6476
7006
6161
2047
9066
5754
8386
1171
3946
545
598
1072
4077
8147
783
2671
128
919
4986
6339
5365
8703
9732
8944
4956
1685
7555
4389
8885
3102
8354
5362
6461
4515
3761
1879
6621
2147
3051
567
9045
1
7992
3122
8148
8775
2146
8276
6046
7132
968
7763
2188
700
6707
7144
8737
614
7885
7623
69
6239
9337
6530
7106
3098
8409
3727
1597
7812
647
642
7814
8639
3765
2314
3766
2263
591
9812
9395
7911
7575
1583
4963
634
5079
3700
1248
9316
7675
1317
1907
7012
7847
9013
110
2609
9093
1708
6773
6092
8702
939
4731
8819
3254
4849
1082
197
4661
6830
8108
8588
8413
3071
5574
9845
6771
6822
5513
799
4492
7421
7811
8691
2786
4274
1300
1879
2334
4426
7971
1036
5365
9054
9856
8619
255
938
8816
4916
7768
6924
9856
2534
6347
5430
8731
9471
8605
4244
270
3097
8017
8081
1788
804
8707
9441
9035
1041
3867
3359
2078
9232
8765
8286
4204
9021
9224
3020
289
3345
6297
146
2231
2644
1928
962
8467
533
1558
8737
9982
9576
3171
1771
6732
1878
7564
2119
2920
1431
5478
1350
7015
4244
9636
1219
3265
8860
592
3554
8557
6889
52
7140
5885
1981
4454
4353
8866
6013
9442
5201
1941
2613
3324
5025
4492
888
7144
3764
2319
2623
5114
5686
3219
4750
6906
6484
9962
7498
6390
8520
739
2795
5660
2976
1128
115
3681
9994
2480
3124
1547
773
5737
4871
5798
6581
5759
9294
345
4430
1917
1811
117
1488
6561
3375
7972
2876
7225
715
1396
7964
3510
3408
940
4638
9875
4622
984
8707
4098
2532
5832
9835
7403
1630
2769
3163
7277
9466
3945
9194
1278
4062
683
4191
7437
5007
7067
4662
2074
4815
8978
1936
4576
6271
6574
803
7245
3911
9511
1343
6443
5343
7530
198
3326
299
9713
603
6118
3659
6149
7396
7721
3184
1587
1511
4544
8655
6173
2970
9822
1504
4907
4398
7775
1481
5202
5020
1744
1065
6363
8187
2760
245
4738
6086
545
4451
3041
6663
8110
5543
411
2184
5079
8350
3695
5975
7005
6220
8946
3180
7724
3853
7578
5499
1686
2780
6871
3431
3845
3234
7970
6606
3480
2708
9044
377
3512
8438
3392
7974
333
155
6510
5412
8505
205
1388
1863
2778
6686
5043
6854
539
2621
8706
8577
1754
5577
2008
1951
5164
6331
8557
4996
5391
3954
1725
8903
8744
5117
3230
9077
5272
9740
4489
3777
6298
2229
5640
9076
8915
7035
2282
5806
9657
988
4384
1411
6566
2744
3362
1730
5427
8272
3078
819
8578
4803
6074
7322
9920
9304
6399
1544
5397
7240
1673
1695
9470
7314
7123
4737
4349
9405
544
358
394
4928
8121
3312
4024
7836
1394
9452
2460
4472
271
1038
9275
2697
8360
5547
2002
1111
7091
3751
8351
8764
5446
4173
2430
2569
8911
3132
8326
9455
3490
5072
735
7964
8384
4759
5800
9778
4211
8260
4250
834
5650
3525
3532
4010
9072
1886
1473
2515
1989
6176
1280
7435
350
62
6356
9261
3194
4682
5068
3037
6107
5803
1001
4491
6914
3153
4270
7478
1413
4872
4664
3415
4750
4548
3777
174
2786
5250
2690
4775
1426
322
2210
8128
384
4918
7389
3579
5953
8809
2968
2060
964
3969
6551
7879
3474
7173
1709
1239
2046
6373
4654
6796
922
8431
6970
3708
3681
6012
8484
1459
6334
7046
9588
6719
1965
3329
6650
4270
2139
9618
6330
9455
9939
2881
3686
3413
6407
5395
4652
8453
8121
5658
1601
9043
4089
4923
9103
4122
936
3939
5581
7270
986
5169
341
9303
4851
6991
3573
6990
2961
9903
2797
2900
9136
6484
2665
5543
1879
7317
348
0
9327
1949
5395
3416
3225
4499
7538
4161
8438
9472
7783
5776
993
8125
5079
5844
1468
5004
2834
4430
4907
5632
7330
396
8468
9996
5939
347
3665
2640
6700
2993
941
2095
2761
4166
2946
300
4679
1385
6124
2463
3513
7117
588
4945
2962
8408
9949
2148
2838
4857
4132
169
1605
2600
6517
3896
2948
6534
6536
9648
9527
7478
8095
8641
7996
1042
5293
2676
8779
1417
5139
2292
8534
2079
7237
1496
487
3539
9997
9678
8396
4129
6199
6353
6730
2716
249
6030
9250
6786
2030
5130
616
125
123
4964
7519
5416
7640
6298
6833
9131
4943
1719
7562
8532
3216
8050
2071
9565
4080
6819
3694
279
3172
424
2995
3422
2806
8597
6560
4836
79
3528
4962
202
8492
8833
5618
6133
5132
8803
5264
6427
523
2827
4959
91
7229
7031
9656
1309
202
3350
7940
3375
127
7287
3149
2933
5884
9709
7770
2316
9589
9084
8870
8081
7917
841
4214
9401
9644
5831
5828
6519
5010
7140
6610
8591
4171
2618
6252
725
2321
4192
4100
2448
1479
3601
1733
3715
9662
9503
2383
9251
4939
1254
7333
9209
2095
7899
8610
8091
82
791
963
1444
7931
7573
6387
8454
6544
2639
9179
8865
3183
9632
1313
4662
3233
3046
4730
9248
8902
7113
8499
193
4719
2184
9402
3166
84
8013
7610
6518
5156
8573
4315
3087
6146
702
1541
9042
3342
7072
7907
6525
6704
9220
7540
6290
8619
8622
5538
3873
2087
389
4066
6807
2574
3469
9973
9010
7834
3935
5528
2990
2508
9843
2429
5007
546
322
4049
240
7394
1957
3117
451
7529
7009
6741
2500
5631
8631
6373
7719
9020
440
878
1594
261
7203
6956
8095
1139
2485
7437
3647
8680
9866
8654
5578
188
2704
2170
3934
1013
5288
4385
8542
8649
7478
1043
4281
6109
7416
8352
1482
4208
